no_of_spikes,correlation_values,correlation_entities
20,0.7144010276,pearson_ADM_PEDM
20,0.7282835183,pearson_ADM_PEDM
20,0.7324077863,pearson_ADM_PEDM
20,0.7232699967,pearson_ADM_PEDM
20,0.7212446828,pearson_ADM_PEDM
20,0.7299402389,pearson_ADM_PEDM
20,0.7235192335,pearson_ADM_PEDM
20,0.7224951304,pearson_ADM_PEDM
20,0.7179510829,pearson_ADM_PEDM
20,0.731757623,pearson_ADM_PEDM
20,0.7250854661,pearson_ADM_PEDM
20,0.7254997989,pearson_ADM_PEDM
20,0.7247052051,pearson_ADM_PEDM
20,0.7415999175,pearson_ADM_PEDM
20,0.7292004645,pearson_ADM_PEDM
22,0.7242476577,pearson_ADM_PEDM
22,0.7267273577,pearson_ADM_PEDM
22,0.7388956277,pearson_ADM_PEDM
22,0.7277551756,pearson_ADM_PEDM
22,0.7308438089,pearson_ADM_PEDM
22,0.7208720349,pearson_ADM_PEDM
22,0.7267091263,pearson_ADM_PEDM
22,0.734304385,pearson_ADM_PEDM
22,0.7274549851,pearson_ADM_PEDM
22,0.7263920465,pearson_ADM_PEDM
22,0.7196655268,pearson_ADM_PEDM
22,0.7447066106,pearson_ADM_PEDM
22,0.7339180797,pearson_ADM_PEDM
22,0.7351512494,pearson_ADM_PEDM
22,0.7284153049,pearson_ADM_PEDM
24,0.7338960652,pearson_ADM_PEDM
24,0.7182624341,pearson_ADM_PEDM
24,0.7385394898,pearson_ADM_PEDM
24,0.7456146476,pearson_ADM_PEDM
24,0.7408272656,pearson_ADM_PEDM
24,0.7270254616,pearson_ADM_PEDM
24,0.728622942,pearson_ADM_PEDM
24,0.7336836617,pearson_ADM_PEDM
24,0.7351095234,pearson_ADM_PEDM
24,0.7397062,pearson_ADM_PEDM
24,0.7339032143,pearson_ADM_PEDM
24,0.7308773384,pearson_ADM_PEDM
24,0.7343911206,pearson_ADM_PEDM
24,0.7348831756,pearson_ADM_PEDM
24,0.7318159594,pearson_ADM_PEDM
26,0.7263046585,pearson_ADM_PEDM
26,0.7286813195,pearson_ADM_PEDM
26,0.7363126434,pearson_ADM_PEDM
26,0.7173420185,pearson_ADM_PEDM
26,0.7407049661,pearson_ADM_PEDM
26,0.7378161377,pearson_ADM_PEDM
26,0.7358888387,pearson_ADM_PEDM
26,0.7297629608,pearson_ADM_PEDM
26,0.7347111589,pearson_ADM_PEDM
26,0.742595154,pearson_ADM_PEDM
26,0.7399217809,pearson_ADM_PEDM
26,0.7429193936,pearson_ADM_PEDM
26,0.732921407,pearson_ADM_PEDM
26,0.7347126304,pearson_ADM_PEDM
26,0.7339280045,pearson_ADM_PEDM
28,0.7449195613,pearson_ADM_PEDM
28,0.7410734379,pearson_ADM_PEDM
28,0.7363865135,pearson_ADM_PEDM
28,0.7327169722,pearson_ADM_PEDM
28,0.7320676695,pearson_ADM_PEDM
28,0.7276614949,pearson_ADM_PEDM
28,0.7439252636,pearson_ADM_PEDM
28,0.7258983638,pearson_ADM_PEDM
28,0.7387119359,pearson_ADM_PEDM
28,0.7290073162,pearson_ADM_PEDM
28,0.7292641312,pearson_ADM_PEDM
28,0.7363368651,pearson_ADM_PEDM
28,0.7382729159,pearson_ADM_PEDM
28,0.7354287765,pearson_ADM_PEDM
28,0.7323288854,pearson_ADM_PEDM
30,0.7423871362,pearson_ADM_PEDM
30,0.7310673596,pearson_ADM_PEDM
30,0.7392612777,pearson_ADM_PEDM
30,0.7354293988,pearson_ADM_PEDM
30,0.7336862275,pearson_ADM_PEDM
30,0.7444760659,pearson_ADM_PEDM
30,0.7301164004,pearson_ADM_PEDM
30,0.7391489165,pearson_ADM_PEDM
30,0.7369370187,pearson_ADM_PEDM
30,0.7378862957,pearson_ADM_PEDM
30,0.725249295,pearson_ADM_PEDM
30,0.7434056883,pearson_ADM_PEDM
30,0.7437277949,pearson_ADM_PEDM
30,0.7379659802,pearson_ADM_PEDM
30,0.7377676862,pearson_ADM_PEDM
32,0.7526954885,pearson_ADM_PEDM
32,0.7336096786,pearson_ADM_PEDM
32,0.7433365202,pearson_ADM_PEDM
32,0.7317066413,pearson_ADM_PEDM
32,0.7378730259,pearson_ADM_PEDM
32,0.7361771784,pearson_ADM_PEDM
32,0.7383278703,pearson_ADM_PEDM
32,0.7405190269,pearson_ADM_PEDM
32,0.7299608706,pearson_ADM_PEDM
32,0.7323556209,pearson_ADM_PEDM
32,0.7339131222,pearson_ADM_PEDM
32,0.7355651025,pearson_ADM_PEDM
32,0.7349648455,pearson_ADM_PEDM
32,0.728643843,pearson_ADM_PEDM
32,0.7351335357,pearson_ADM_PEDM
34,0.7508356717,pearson_ADM_PEDM
34,0.7278137043,pearson_ADM_PEDM
34,0.7298607249,pearson_ADM_PEDM
34,0.7386934448,pearson_ADM_PEDM
34,0.7321010929,pearson_ADM_PEDM
34,0.7352443774,pearson_ADM_PEDM
34,0.7414797714,pearson_ADM_PEDM
34,0.7450287538,pearson_ADM_PEDM
34,0.7338799382,pearson_ADM_PEDM
34,0.7380486996,pearson_ADM_PEDM
34,0.739797073,pearson_ADM_PEDM
34,0.728271401,pearson_ADM_PEDM
34,0.7448167417,pearson_ADM_PEDM
34,0.7368601668,pearson_ADM_PEDM
34,0.7367010115,pearson_ADM_PEDM
36,0.7473842188,pearson_ADM_PEDM
36,0.7273428112,pearson_ADM_PEDM
36,0.7548548272,pearson_ADM_PEDM
36,0.7407063039,pearson_ADM_PEDM
36,0.7456365707,pearson_ADM_PEDM
36,0.7438053289,pearson_ADM_PEDM
36,0.741212958,pearson_ADM_PEDM
36,0.7395506264,pearson_ADM_PEDM
36,0.7431451545,pearson_ADM_PEDM
36,0.7573077225,pearson_ADM_PEDM
36,0.7452860071,pearson_ADM_PEDM
36,0.7403369046,pearson_ADM_PEDM
36,0.7521970917,pearson_ADM_PEDM
36,0.7383763678,pearson_ADM_PEDM
36,0.7524869205,pearson_ADM_PEDM
38,0.7419610654,pearson_ADM_PEDM
38,0.7491364488,pearson_ADM_PEDM
38,0.742495622,pearson_ADM_PEDM
38,0.7404594564,pearson_ADM_PEDM
38,0.7352106301,pearson_ADM_PEDM
38,0.7416541533,pearson_ADM_PEDM
38,0.7484971495,pearson_ADM_PEDM
38,0.7358860768,pearson_ADM_PEDM
38,0.7489153626,pearson_ADM_PEDM
38,0.7339387242,pearson_ADM_PEDM
38,0.7488266019,pearson_ADM_PEDM
38,0.7458105456,pearson_ADM_PEDM
38,0.7400055548,pearson_ADM_PEDM
38,0.7472824679,pearson_ADM_PEDM
38,0.7408455393,pearson_ADM_PEDM
40,0.7493158348,pearson_ADM_PEDM
40,0.7534229134,pearson_ADM_PEDM
40,0.7402507312,pearson_ADM_PEDM
40,0.7461540665,pearson_ADM_PEDM
40,0.7468774566,pearson_ADM_PEDM
40,0.7380003103,pearson_ADM_PEDM
40,0.7460664542,pearson_ADM_PEDM
40,0.748061864,pearson_ADM_PEDM
40,0.7400340055,pearson_ADM_PEDM
40,0.7362106057,pearson_ADM_PEDM
40,0.7411564725,pearson_ADM_PEDM
40,0.7388552588,pearson_ADM_PEDM
40,0.7432042112,pearson_ADM_PEDM
40,0.7429502966,pearson_ADM_PEDM
40,0.7499785461,pearson_ADM_PEDM
42,0.7495931243,pearson_ADM_PEDM
42,0.7409674624,pearson_ADM_PEDM
42,0.7274115206,pearson_ADM_PEDM
42,0.7374529538,pearson_ADM_PEDM
42,0.748460534,pearson_ADM_PEDM
42,0.7414060468,pearson_ADM_PEDM
42,0.7499816976,pearson_ADM_PEDM
42,0.7460823552,pearson_ADM_PEDM
42,0.7463889539,pearson_ADM_PEDM
42,0.7531644113,pearson_ADM_PEDM
42,0.7445019583,pearson_ADM_PEDM
42,0.7493475087,pearson_ADM_PEDM
42,0.7495777084,pearson_ADM_PEDM
42,0.7501165101,pearson_ADM_PEDM
42,0.7454427508,pearson_ADM_PEDM
44,0.7521780678,pearson_ADM_PEDM
44,0.7528075529,pearson_ADM_PEDM
44,0.7499149856,pearson_ADM_PEDM
44,0.7446892291,pearson_ADM_PEDM
44,0.7483430816,pearson_ADM_PEDM
44,0.7407900951,pearson_ADM_PEDM
44,0.7418565331,pearson_ADM_PEDM
44,0.7361234818,pearson_ADM_PEDM
44,0.7440015954,pearson_ADM_PEDM
44,0.7504637901,pearson_ADM_PEDM
44,0.7447255274,pearson_ADM_PEDM
44,0.7435177997,pearson_ADM_PEDM
44,0.7403674654,pearson_ADM_PEDM
44,0.7432961089,pearson_ADM_PEDM
44,0.7500080908,pearson_ADM_PEDM
46,0.751944695,pearson_ADM_PEDM
46,0.7465692547,pearson_ADM_PEDM
46,0.7572055018,pearson_ADM_PEDM
46,0.7513746998,pearson_ADM_PEDM
46,0.7517653188,pearson_ADM_PEDM
46,0.7524163808,pearson_ADM_PEDM
46,0.7551936575,pearson_ADM_PEDM
46,0.7443399615,pearson_ADM_PEDM
46,0.7511686209,pearson_ADM_PEDM
46,0.7512457297,pearson_ADM_PEDM
46,0.7462736554,pearson_ADM_PEDM
46,0.7435111445,pearson_ADM_PEDM
46,0.7437285662,pearson_ADM_PEDM
46,0.7534554795,pearson_ADM_PEDM
46,0.7467432606,pearson_ADM_PEDM
48,0.7476988587,pearson_ADM_PEDM
48,0.7567826829,pearson_ADM_PEDM
48,0.7567684809,pearson_ADM_PEDM
48,0.7577240641,pearson_ADM_PEDM
48,0.762755632,pearson_ADM_PEDM
48,0.7552548466,pearson_ADM_PEDM
48,0.7488319409,pearson_ADM_PEDM
48,0.7510599772,pearson_ADM_PEDM
48,0.7418558107,pearson_ADM_PEDM
48,0.7512877388,pearson_ADM_PEDM
48,0.7578377701,pearson_ADM_PEDM
48,0.7528425255,pearson_ADM_PEDM
48,0.7463031507,pearson_ADM_PEDM
48,0.7482730929,pearson_ADM_PEDM
48,0.7674239954,pearson_ADM_PEDM
50,0.7515926413,pearson_ADM_PEDM
50,0.7499706472,pearson_ADM_PEDM
50,0.7518724986,pearson_ADM_PEDM
50,0.7634466821,pearson_ADM_PEDM
50,0.7479307803,pearson_ADM_PEDM
50,0.7518731301,pearson_ADM_PEDM
50,0.75601115,pearson_ADM_PEDM
50,0.7551113925,pearson_ADM_PEDM
50,0.7542087715,pearson_ADM_PEDM
50,0.746553167,pearson_ADM_PEDM
50,0.7448258761,pearson_ADM_PEDM
50,0.7570064504,pearson_ADM_PEDM
50,0.7576598792,pearson_ADM_PEDM
50,0.7606393515,pearson_ADM_PEDM
50,0.7584274495,pearson_ADM_PEDM
52,0.7581891464,pearson_ADM_PEDM
52,0.7485344004,pearson_ADM_PEDM
52,0.7533149942,pearson_ADM_PEDM
52,0.7530868463,pearson_ADM_PEDM
52,0.7500092219,pearson_ADM_PEDM
52,0.7508946855,pearson_ADM_PEDM
52,0.7472949348,pearson_ADM_PEDM
52,0.7608241899,pearson_ADM_PEDM
52,0.7493382222,pearson_ADM_PEDM
52,0.7538968761,pearson_ADM_PEDM
52,0.7585890308,pearson_ADM_PEDM
52,0.7520581133,pearson_ADM_PEDM
52,0.7509434222,pearson_ADM_PEDM
52,0.7619241864,pearson_ADM_PEDM
52,0.749149259,pearson_ADM_PEDM
54,0.7525853411,pearson_ADM_PEDM
54,0.7520386875,pearson_ADM_PEDM
54,0.7580814201,pearson_ADM_PEDM
54,0.7642439907,pearson_ADM_PEDM
54,0.760465625,pearson_ADM_PEDM
54,0.7500303779,pearson_ADM_PEDM
54,0.7545529364,pearson_ADM_PEDM
54,0.7644224384,pearson_ADM_PEDM
54,0.7619681309,pearson_ADM_PEDM
54,0.7528605813,pearson_ADM_PEDM
54,0.7494928659,pearson_ADM_PEDM
54,0.7456923973,pearson_ADM_PEDM
54,0.7551994337,pearson_ADM_PEDM
54,0.751483743,pearson_ADM_PEDM
54,0.7538660945,pearson_ADM_PEDM
56,0.7576251387,pearson_ADM_PEDM
56,0.7466362413,pearson_ADM_PEDM
56,0.7552842944,pearson_ADM_PEDM
56,0.7607727501,pearson_ADM_PEDM
56,0.7602092174,pearson_ADM_PEDM
56,0.7560950302,pearson_ADM_PEDM
56,0.7583033749,pearson_ADM_PEDM
56,0.7521859738,pearson_ADM_PEDM
56,0.7643089728,pearson_ADM_PEDM
56,0.7649724432,pearson_ADM_PEDM
56,0.7591299806,pearson_ADM_PEDM
56,0.7571426365,pearson_ADM_PEDM
56,0.7583125814,pearson_ADM_PEDM
56,0.7590132077,pearson_ADM_PEDM
56,0.7568328223,pearson_ADM_PEDM
58,0.767500889,pearson_ADM_PEDM
58,0.7537983191,pearson_ADM_PEDM
58,0.7474926186,pearson_ADM_PEDM
58,0.7613638208,pearson_ADM_PEDM
58,0.7632075267,pearson_ADM_PEDM
58,0.7643490515,pearson_ADM_PEDM
58,0.7557722221,pearson_ADM_PEDM
58,0.7658075175,pearson_ADM_PEDM
58,0.751659361,pearson_ADM_PEDM
58,0.7548656772,pearson_ADM_PEDM
58,0.752201435,pearson_ADM_PEDM
58,0.7547473986,pearson_ADM_PEDM
58,0.7566080507,pearson_ADM_PEDM
58,0.7617195171,pearson_ADM_PEDM
58,0.7610741347,pearson_ADM_PEDM
4,0.6099920667,pearson_ADM_PEDM
4,0.6053998111,pearson_ADM_PEDM
4,0.6012099907,pearson_ADM_PEDM
4,0.6005378602,pearson_ADM_PEDM
4,0.5956095762,pearson_ADM_PEDM
4,0.592946537,pearson_ADM_PEDM
4,0.6025374972,pearson_ADM_PEDM
4,0.6012306244,pearson_ADM_PEDM
4,0.5984205523,pearson_ADM_PEDM
4,0.6000372221,pearson_ADM_PEDM
4,0.5902356115,pearson_ADM_PEDM
4,0.5955036662,pearson_ADM_PEDM
4,0.5873063556,pearson_ADM_PEDM
4,0.6068676166,pearson_ADM_PEDM
4,0.6016352251,pearson_ADM_PEDM
60,0.7545922982,pearson_ADM_PEDM
60,0.756136634,pearson_ADM_PEDM
60,0.7532095969,pearson_ADM_PEDM
60,0.7542958038,pearson_ADM_PEDM
60,0.759177742,pearson_ADM_PEDM
60,0.7563879274,pearson_ADM_PEDM
60,0.7678004392,pearson_ADM_PEDM
60,0.7617541424,pearson_ADM_PEDM
60,0.7523634583,pearson_ADM_PEDM
60,0.7663634127,pearson_ADM_PEDM
60,0.7614185829,pearson_ADM_PEDM
60,0.7649767311,pearson_ADM_PEDM
60,0.7634808326,pearson_ADM_PEDM
60,0.7604048299,pearson_ADM_PEDM
60,0.7613353598,pearson_ADM_PEDM
62,0.7576982553,pearson_ADM_PEDM
62,0.7708722838,pearson_ADM_PEDM
62,0.7514295641,pearson_ADM_PEDM
62,0.7579279363,pearson_ADM_PEDM
62,0.75241886,pearson_ADM_PEDM
62,0.7675505368,pearson_ADM_PEDM
62,0.7578266144,pearson_ADM_PEDM
62,0.7689956484,pearson_ADM_PEDM
62,0.7584353186,pearson_ADM_PEDM
62,0.764078526,pearson_ADM_PEDM
62,0.7621344547,pearson_ADM_PEDM
62,0.7571607672,pearson_ADM_PEDM
62,0.7633123733,pearson_ADM_PEDM
62,0.7528784785,pearson_ADM_PEDM
62,0.7597178172,pearson_ADM_PEDM
64,0.7595402953,pearson_ADM_PEDM
64,0.7593101808,pearson_ADM_PEDM
64,0.7690713774,pearson_ADM_PEDM
64,0.7674503787,pearson_ADM_PEDM
64,0.7543316892,pearson_ADM_PEDM
64,0.7517342955,pearson_ADM_PEDM
64,0.7578322711,pearson_ADM_PEDM
64,0.7558495306,pearson_ADM_PEDM
64,0.7611108863,pearson_ADM_PEDM
64,0.760894305,pearson_ADM_PEDM
64,0.7588191656,pearson_ADM_PEDM
64,0.7611125509,pearson_ADM_PEDM
64,0.7662960106,pearson_ADM_PEDM
64,0.7563663991,pearson_ADM_PEDM
64,0.7480025539,pearson_ADM_PEDM
66,0.7663960616,pearson_ADM_PEDM
66,0.7663292932,pearson_ADM_PEDM
66,0.7617622185,pearson_ADM_PEDM
66,0.755809266,pearson_ADM_PEDM
66,0.7666833927,pearson_ADM_PEDM
66,0.7587191051,pearson_ADM_PEDM
66,0.7662154252,pearson_ADM_PEDM
66,0.7707126692,pearson_ADM_PEDM
66,0.764056503,pearson_ADM_PEDM
66,0.7624976344,pearson_ADM_PEDM
66,0.759998016,pearson_ADM_PEDM
66,0.7545907206,pearson_ADM_PEDM
66,0.7544900956,pearson_ADM_PEDM
66,0.7641926821,pearson_ADM_PEDM
66,0.7527910926,pearson_ADM_PEDM
68,0.7637310576,pearson_ADM_PEDM
68,0.7572575333,pearson_ADM_PEDM
68,0.7686307791,pearson_ADM_PEDM
68,0.7682982962,pearson_ADM_PEDM
68,0.7544135769,pearson_ADM_PEDM
68,0.7557096306,pearson_ADM_PEDM
68,0.7606915099,pearson_ADM_PEDM
68,0.7569429914,pearson_ADM_PEDM
68,0.7520029973,pearson_ADM_PEDM
68,0.7562998043,pearson_ADM_PEDM
68,0.7569922778,pearson_ADM_PEDM
68,0.7634386594,pearson_ADM_PEDM
68,0.7629046889,pearson_ADM_PEDM
68,0.7514870931,pearson_ADM_PEDM
68,0.7606323394,pearson_ADM_PEDM
70,0.7710049637,pearson_ADM_PEDM
70,0.7682377128,pearson_ADM_PEDM
70,0.7699151006,pearson_ADM_PEDM
70,0.7744778024,pearson_ADM_PEDM
70,0.7620086056,pearson_ADM_PEDM
70,0.7614394632,pearson_ADM_PEDM
70,0.7573047453,pearson_ADM_PEDM
70,0.7627739207,pearson_ADM_PEDM
70,0.7658504815,pearson_ADM_PEDM
70,0.7649193602,pearson_ADM_PEDM
70,0.7654045477,pearson_ADM_PEDM
70,0.7667349161,pearson_ADM_PEDM
70,0.7685022481,pearson_ADM_PEDM
70,0.7622341031,pearson_ADM_PEDM
70,0.7643108777,pearson_ADM_PEDM
72,0.7668405291,pearson_ADM_PEDM
72,0.7586132259,pearson_ADM_PEDM
72,0.7706164845,pearson_ADM_PEDM
72,0.7649290134,pearson_ADM_PEDM
72,0.7613981837,pearson_ADM_PEDM
72,0.7578567271,pearson_ADM_PEDM
72,0.7630797177,pearson_ADM_PEDM
72,0.7592628559,pearson_ADM_PEDM
72,0.7686343888,pearson_ADM_PEDM
72,0.7594903,pearson_ADM_PEDM
72,0.7656167406,pearson_ADM_PEDM
72,0.7526865817,pearson_ADM_PEDM
72,0.7657890064,pearson_ADM_PEDM
72,0.7619911124,pearson_ADM_PEDM
72,0.7556199036,pearson_ADM_PEDM
74,0.7680390484,pearson_ADM_PEDM
74,0.7698472521,pearson_ADM_PEDM
74,0.7575550514,pearson_ADM_PEDM
74,0.7662916558,pearson_ADM_PEDM
74,0.7590482522,pearson_ADM_PEDM
74,0.7537479441,pearson_ADM_PEDM
74,0.7556331065,pearson_ADM_PEDM
74,0.7624127653,pearson_ADM_PEDM
74,0.7703998261,pearson_ADM_PEDM
74,0.7600729293,pearson_ADM_PEDM
74,0.769872977,pearson_ADM_PEDM
74,0.764509726,pearson_ADM_PEDM
74,0.7610670786,pearson_ADM_PEDM
74,0.7658411707,pearson_ADM_PEDM
74,0.7705766083,pearson_ADM_PEDM
76,0.7587298045,pearson_ADM_PEDM
76,0.7686550901,pearson_ADM_PEDM
76,0.7625330124,pearson_ADM_PEDM
76,0.7620363334,pearson_ADM_PEDM
76,0.7583862444,pearson_ADM_PEDM
76,0.7742678082,pearson_ADM_PEDM
76,0.7673525565,pearson_ADM_PEDM
76,0.7625958058,pearson_ADM_PEDM
76,0.7636257996,pearson_ADM_PEDM
76,0.7510628095,pearson_ADM_PEDM
76,0.7599042542,pearson_ADM_PEDM
76,0.7608943762,pearson_ADM_PEDM
76,0.7700529542,pearson_ADM_PEDM
76,0.7491982797,pearson_ADM_PEDM
76,0.765891515,pearson_ADM_PEDM
78,0.7589953383,pearson_ADM_PEDM
78,0.7687634946,pearson_ADM_PEDM
78,0.7664035959,pearson_ADM_PEDM
78,0.7753835126,pearson_ADM_PEDM
78,0.7614612316,pearson_ADM_PEDM
78,0.7618145666,pearson_ADM_PEDM
78,0.7646745803,pearson_ADM_PEDM
78,0.770794878,pearson_ADM_PEDM
78,0.758913866,pearson_ADM_PEDM
78,0.7602640676,pearson_ADM_PEDM
78,0.7673046092,pearson_ADM_PEDM
78,0.75983606,pearson_ADM_PEDM
78,0.7657947084,pearson_ADM_PEDM
78,0.7738591247,pearson_ADM_PEDM
78,0.7619137492,pearson_ADM_PEDM
6,0.6754961944,pearson_ADM_PEDM
6,0.642354846,pearson_ADM_PEDM
6,0.6646369301,pearson_ADM_PEDM
6,0.6647934906,pearson_ADM_PEDM
6,0.654732808,pearson_ADM_PEDM
6,0.6244379073,pearson_ADM_PEDM
6,0.6255670676,pearson_ADM_PEDM
6,0.6246615898,pearson_ADM_PEDM
6,0.6237181461,pearson_ADM_PEDM
6,0.6175073055,pearson_ADM_PEDM
6,0.6484393475,pearson_ADM_PEDM
6,0.6446271695,pearson_ADM_PEDM
6,0.6777764101,pearson_ADM_PEDM
6,0.6618308696,pearson_ADM_PEDM
6,0.6275547146,pearson_ADM_PEDM
80,0.7592431287,pearson_ADM_PEDM
80,0.765079343,pearson_ADM_PEDM
80,0.7667903046,pearson_ADM_PEDM
80,0.7659947603,pearson_ADM_PEDM
80,0.768519383,pearson_ADM_PEDM
80,0.7609115458,pearson_ADM_PEDM
80,0.7601559863,pearson_ADM_PEDM
80,0.7791716361,pearson_ADM_PEDM
80,0.7728966606,pearson_ADM_PEDM
80,0.7610587074,pearson_ADM_PEDM
80,0.7585830068,pearson_ADM_PEDM
80,0.7666019965,pearson_ADM_PEDM
80,0.7731152568,pearson_ADM_PEDM
80,0.7602374476,pearson_ADM_PEDM
80,0.753388906,pearson_ADM_PEDM
82,0.7615821488,pearson_ADM_PEDM
82,0.7719335974,pearson_ADM_PEDM
82,0.7622623272,pearson_ADM_PEDM
82,0.7609425048,pearson_ADM_PEDM
82,0.7673275774,pearson_ADM_PEDM
82,0.7559045155,pearson_ADM_PEDM
82,0.7700914458,pearson_ADM_PEDM
82,0.7659325519,pearson_ADM_PEDM
82,0.7622599717,pearson_ADM_PEDM
82,0.7583073857,pearson_ADM_PEDM
82,0.7637400003,pearson_ADM_PEDM
82,0.77156631,pearson_ADM_PEDM
82,0.7605897534,pearson_ADM_PEDM
82,0.770170945,pearson_ADM_PEDM
82,0.7637062897,pearson_ADM_PEDM
84,0.7621844345,pearson_ADM_PEDM
84,0.7739665214,pearson_ADM_PEDM
84,0.7532119904,pearson_ADM_PEDM
84,0.7657423875,pearson_ADM_PEDM
84,0.776075563,pearson_ADM_PEDM
84,0.7669869818,pearson_ADM_PEDM
84,0.7658563264,pearson_ADM_PEDM
84,0.7644667363,pearson_ADM_PEDM
84,0.7616307117,pearson_ADM_PEDM
84,0.7655735141,pearson_ADM_PEDM
84,0.7680947335,pearson_ADM_PEDM
84,0.7665867173,pearson_ADM_PEDM
84,0.7729092328,pearson_ADM_PEDM
84,0.7705824653,pearson_ADM_PEDM
84,0.7662896903,pearson_ADM_PEDM
86,0.766506867,pearson_ADM_PEDM
86,0.7608441695,pearson_ADM_PEDM
86,0.7733033745,pearson_ADM_PEDM
86,0.7644351271,pearson_ADM_PEDM
86,0.7668053464,pearson_ADM_PEDM
86,0.7618768307,pearson_ADM_PEDM
86,0.7708431396,pearson_ADM_PEDM
86,0.7631358544,pearson_ADM_PEDM
86,0.762114988,pearson_ADM_PEDM
86,0.7733304196,pearson_ADM_PEDM
86,0.7674522314,pearson_ADM_PEDM
86,0.7737159729,pearson_ADM_PEDM
86,0.7684709579,pearson_ADM_PEDM
86,0.7602700826,pearson_ADM_PEDM
86,0.7644268547,pearson_ADM_PEDM
88,0.7682229701,pearson_ADM_PEDM
88,0.7730561458,pearson_ADM_PEDM
88,0.7711055584,pearson_ADM_PEDM
88,0.7666364712,pearson_ADM_PEDM
88,0.7675991793,pearson_ADM_PEDM
88,0.7715655456,pearson_ADM_PEDM
88,0.7648585398,pearson_ADM_PEDM
88,0.769106141,pearson_ADM_PEDM
88,0.7603025266,pearson_ADM_PEDM
88,0.7704237585,pearson_ADM_PEDM
88,0.7657312005,pearson_ADM_PEDM
88,0.7724454715,pearson_ADM_PEDM
88,0.7582694944,pearson_ADM_PEDM
88,0.7616926212,pearson_ADM_PEDM
88,0.7620278331,pearson_ADM_PEDM
90,0.769013633,pearson_ADM_PEDM
90,0.7713072426,pearson_ADM_PEDM
90,0.7701866489,pearson_ADM_PEDM
90,0.7758971134,pearson_ADM_PEDM
90,0.7693143577,pearson_ADM_PEDM
90,0.7769719649,pearson_ADM_PEDM
90,0.7610535317,pearson_ADM_PEDM
90,0.7583159504,pearson_ADM_PEDM
90,0.7731495039,pearson_ADM_PEDM
90,0.765379051,pearson_ADM_PEDM
90,0.7664414561,pearson_ADM_PEDM
90,0.7707049887,pearson_ADM_PEDM
90,0.7749257218,pearson_ADM_PEDM
90,0.7614200411,pearson_ADM_PEDM
90,0.7613955611,pearson_ADM_PEDM
92,0.7605972138,pearson_ADM_PEDM
92,0.7616457517,pearson_ADM_PEDM
92,0.7670345128,pearson_ADM_PEDM
92,0.7625161446,pearson_ADM_PEDM
92,0.7720324536,pearson_ADM_PEDM
92,0.7702253399,pearson_ADM_PEDM
92,0.7610290071,pearson_ADM_PEDM
92,0.7669923939,pearson_ADM_PEDM
92,0.7768117772,pearson_ADM_PEDM
92,0.7774007096,pearson_ADM_PEDM
92,0.7715219776,pearson_ADM_PEDM
92,0.7650505053,pearson_ADM_PEDM
92,0.7637807902,pearson_ADM_PEDM
92,0.765618649,pearson_ADM_PEDM
92,0.756828585,pearson_ADM_PEDM
94,0.7783161564,pearson_ADM_PEDM
94,0.7743332677,pearson_ADM_PEDM
94,0.767623382,pearson_ADM_PEDM
94,0.7700654709,pearson_ADM_PEDM
94,0.7768463539,pearson_ADM_PEDM
94,0.7678342138,pearson_ADM_PEDM
94,0.7698715037,pearson_ADM_PEDM
94,0.7686193919,pearson_ADM_PEDM
94,0.7714440889,pearson_ADM_PEDM
94,0.7719937599,pearson_ADM_PEDM
94,0.7752882343,pearson_ADM_PEDM
94,0.7649898415,pearson_ADM_PEDM
94,0.7672737162,pearson_ADM_PEDM
94,0.7732098056,pearson_ADM_PEDM
94,0.7657342287,pearson_ADM_PEDM
96,0.7782267072,pearson_ADM_PEDM
96,0.7787940144,pearson_ADM_PEDM
96,0.7761328136,pearson_ADM_PEDM
96,0.7622152102,pearson_ADM_PEDM
96,0.7652178169,pearson_ADM_PEDM
96,0.7748722284,pearson_ADM_PEDM
96,0.7826971926,pearson_ADM_PEDM
96,0.7729380462,pearson_ADM_PEDM
96,0.7680893785,pearson_ADM_PEDM
96,0.7669130975,pearson_ADM_PEDM
96,0.7670569768,pearson_ADM_PEDM
96,0.7783868514,pearson_ADM_PEDM
96,0.7616604665,pearson_ADM_PEDM
96,0.7709396562,pearson_ADM_PEDM
96,0.7639313011,pearson_ADM_PEDM
98,0.7675166639,pearson_ADM_PEDM
98,0.7735816374,pearson_ADM_PEDM
98,0.7715715961,pearson_ADM_PEDM
98,0.7682768437,pearson_ADM_PEDM
98,0.7575260898,pearson_ADM_PEDM
98,0.772412596,pearson_ADM_PEDM
98,0.7709619885,pearson_ADM_PEDM
98,0.7687230597,pearson_ADM_PEDM
98,0.7637573001,pearson_ADM_PEDM
98,0.7621436785,pearson_ADM_PEDM
98,0.7650116287,pearson_ADM_PEDM
98,0.7818098968,pearson_ADM_PEDM
98,0.7725868434,pearson_ADM_PEDM
98,0.7652252547,pearson_ADM_PEDM
98,0.7786643681,pearson_ADM_PEDM
8,0.6701375208,pearson_ADM_PEDM
8,0.6635120552,pearson_ADM_PEDM
8,0.6741789417,pearson_ADM_PEDM
8,0.6851682118,pearson_ADM_PEDM
8,0.6646549157,pearson_ADM_PEDM
8,0.6778029726,pearson_ADM_PEDM
8,0.6821434415,pearson_ADM_PEDM
8,0.6729298363,pearson_ADM_PEDM
8,0.6684848365,pearson_ADM_PEDM
8,0.6756604059,pearson_ADM_PEDM
8,0.6758237925,pearson_ADM_PEDM
8,0.6852007256,pearson_ADM_PEDM
8,0.6810494525,pearson_ADM_PEDM
8,0.6766909122,pearson_ADM_PEDM
8,0.6821374249,pearson_ADM_PEDM
100,0.7728902136,pearson_ADM_PEDM
100,0.7801196187,pearson_ADM_PEDM
100,0.7758716563,pearson_ADM_PEDM
100,0.7679513702,pearson_ADM_PEDM
100,0.772661311,pearson_ADM_PEDM
100,0.7697834379,pearson_ADM_PEDM
100,0.769723964,pearson_ADM_PEDM
100,0.7653753372,pearson_ADM_PEDM
100,0.7736806508,pearson_ADM_PEDM
100,0.771495114,pearson_ADM_PEDM
100,0.7759580158,pearson_ADM_PEDM
100,0.768069409,pearson_ADM_PEDM
100,0.7749952859,pearson_ADM_PEDM
100,0.7693545044,pearson_ADM_PEDM
100,0.7740588657,pearson_ADM_PEDM
10,0.6960305182,pearson_ADM_PEDM
10,0.6932500915,pearson_ADM_PEDM
10,0.6957454604,pearson_ADM_PEDM
10,0.6953077945,pearson_ADM_PEDM
10,0.6900242919,pearson_ADM_PEDM
10,0.7023249278,pearson_ADM_PEDM
10,0.6942892921,pearson_ADM_PEDM
10,0.6930443612,pearson_ADM_PEDM
10,0.6794140053,pearson_ADM_PEDM
10,0.6867302969,pearson_ADM_PEDM
10,0.6978751087,pearson_ADM_PEDM
10,0.6795380916,pearson_ADM_PEDM
10,0.6913578117,pearson_ADM_PEDM
10,0.6872433783,pearson_ADM_PEDM
10,0.6974636378,pearson_ADM_PEDM
12,0.7038694623,pearson_ADM_PEDM
12,0.7098656059,pearson_ADM_PEDM
12,0.7100881399,pearson_ADM_PEDM
12,0.7038332947,pearson_ADM_PEDM
12,0.6906798245,pearson_ADM_PEDM
12,0.7113355127,pearson_ADM_PEDM
12,0.7161561383,pearson_ADM_PEDM
12,0.7077091229,pearson_ADM_PEDM
12,0.7172987293,pearson_ADM_PEDM
12,0.7204633203,pearson_ADM_PEDM
12,0.7048315629,pearson_ADM_PEDM
12,0.7028148958,pearson_ADM_PEDM
12,0.720626361,pearson_ADM_PEDM
12,0.6986829336,pearson_ADM_PEDM
12,0.6969312161,pearson_ADM_PEDM
14,0.7050756587,pearson_ADM_PEDM
14,0.7081324045,pearson_ADM_PEDM
14,0.7204534997,pearson_ADM_PEDM
14,0.7234313425,pearson_ADM_PEDM
14,0.7015709152,pearson_ADM_PEDM
14,0.720614014,pearson_ADM_PEDM
14,0.7156284982,pearson_ADM_PEDM
14,0.7110519973,pearson_ADM_PEDM
14,0.7139028461,pearson_ADM_PEDM
14,0.7083332119,pearson_ADM_PEDM
14,0.7225393986,pearson_ADM_PEDM
14,0.7175680513,pearson_ADM_PEDM
14,0.7127012005,pearson_ADM_PEDM
14,0.7155465825,pearson_ADM_PEDM
14,0.7158280723,pearson_ADM_PEDM
16,0.7250111172,pearson_ADM_PEDM
16,0.7195433967,pearson_ADM_PEDM
16,0.7100877508,pearson_ADM_PEDM
16,0.7107052318,pearson_ADM_PEDM
16,0.7248639713,pearson_ADM_PEDM
16,0.7144757958,pearson_ADM_PEDM
16,0.7236643581,pearson_ADM_PEDM
16,0.7058174026,pearson_ADM_PEDM
16,0.7196656421,pearson_ADM_PEDM
16,0.7192890464,pearson_ADM_PEDM
16,0.7133499661,pearson_ADM_PEDM
16,0.7204348186,pearson_ADM_PEDM
16,0.7074276663,pearson_ADM_PEDM
16,0.7308478749,pearson_ADM_PEDM
16,0.7090203245,pearson_ADM_PEDM
18,0.7340479785,pearson_ADM_PEDM
18,0.7160601037,pearson_ADM_PEDM
18,0.7330134807,pearson_ADM_PEDM
18,0.7318895698,pearson_ADM_PEDM
18,0.7330206527,pearson_ADM_PEDM
18,0.7181449581,pearson_ADM_PEDM
18,0.7101578662,pearson_ADM_PEDM
18,0.721619981,pearson_ADM_PEDM
18,0.7265078911,pearson_ADM_PEDM
18,0.7328823626,pearson_ADM_PEDM
18,0.7288536165,pearson_ADM_PEDM
18,0.7164307987,pearson_ADM_PEDM
18,0.7181924692,pearson_ADM_PEDM
18,0.7315640404,pearson_ADM_PEDM
18,0.7212818862,pearson_ADM_PEDM
20,0.782602938,pearson_ADM_PEDM
20,0.7693778335,pearson_ADM_PEDM
20,0.7222251471,pearson_ADM_PEDM
20,0.7811488555,pearson_ADM_PEDM
20,0.7734494704,pearson_ADM_PEDM
20,0.7619693003,pearson_ADM_PEDM
20,0.7292589376,pearson_ADM_PEDM
20,0.78120067,pearson_ADM_PEDM
20,0.7583249477,pearson_ADM_PEDM
20,0.7833120594,pearson_ADM_PEDM
20,0.7686423245,pearson_ADM_PEDM
20,0.7629055332,pearson_ADM_PEDM
20,0.767814649,pearson_ADM_PEDM
20,0.7798207206,pearson_ADM_PEDM
20,0.7263036918,pearson_ADM_PEDM
22,0.7803698911,pearson_ADM_PEDM
22,0.7654256767,pearson_ADM_PEDM
22,0.7659592812,pearson_ADM_PEDM
22,0.8001561371,pearson_ADM_PEDM
22,0.7205498176,pearson_ADM_PEDM
22,0.7877088697,pearson_ADM_PEDM
22,0.7386235463,pearson_ADM_PEDM
22,0.7890987833,pearson_ADM_PEDM
22,0.7728425612,pearson_ADM_PEDM
22,0.7426108114,pearson_ADM_PEDM
22,0.7107103137,pearson_ADM_PEDM
22,0.7918250043,pearson_ADM_PEDM
22,0.7738703808,pearson_ADM_PEDM
22,0.7850592473,pearson_ADM_PEDM
22,0.7143636385,pearson_ADM_PEDM
24,0.6814104891,pearson_ADM_PEDM
24,0.7330144807,pearson_ADM_PEDM
24,0.8094348052,pearson_ADM_PEDM
24,0.7474979038,pearson_ADM_PEDM
24,0.7579052496,pearson_ADM_PEDM
24,0.7818927539,pearson_ADM_PEDM
24,0.7797051412,pearson_ADM_PEDM
24,0.7731406212,pearson_ADM_PEDM
24,0.7844670643,pearson_ADM_PEDM
24,0.7849193375,pearson_ADM_PEDM
24,0.7613651269,pearson_ADM_PEDM
24,0.8122225795,pearson_ADM_PEDM
24,0.7431235653,pearson_ADM_PEDM
24,0.788844269,pearson_ADM_PEDM
24,0.7514934565,pearson_ADM_PEDM
26,0.8322754642,pearson_ADM_PEDM
26,0.7506804464,pearson_ADM_PEDM
26,0.774533857,pearson_ADM_PEDM
26,0.810605232,pearson_ADM_PEDM
26,0.7953147666,pearson_ADM_PEDM
26,0.7522276052,pearson_ADM_PEDM
26,0.7663269105,pearson_ADM_PEDM
26,0.7869454357,pearson_ADM_PEDM
26,0.7470385814,pearson_ADM_PEDM
26,0.7535115986,pearson_ADM_PEDM
26,0.7747827868,pearson_ADM_PEDM
26,0.777858611,pearson_ADM_PEDM
26,0.746932161,pearson_ADM_PEDM
26,0.782242407,pearson_ADM_PEDM
26,0.7524359024,pearson_ADM_PEDM
28,0.7652599247,pearson_ADM_PEDM
28,0.7307208328,pearson_ADM_PEDM
28,0.735247108,pearson_ADM_PEDM
28,0.7751310571,pearson_ADM_PEDM
28,0.813027423,pearson_ADM_PEDM
28,0.7556198465,pearson_ADM_PEDM
28,0.786818096,pearson_ADM_PEDM
28,0.7675722625,pearson_ADM_PEDM
28,0.7926308015,pearson_ADM_PEDM
28,0.7503250764,pearson_ADM_PEDM
28,0.7538521195,pearson_ADM_PEDM
28,0.807308137,pearson_ADM_PEDM
28,0.8019701494,pearson_ADM_PEDM
28,0.7307438889,pearson_ADM_PEDM
28,0.765357625,pearson_ADM_PEDM
30,0.7438759496,pearson_ADM_PEDM
30,0.7878256153,pearson_ADM_PEDM
30,0.7251950821,pearson_ADM_PEDM
30,0.7958891544,pearson_ADM_PEDM
30,0.771419723,pearson_ADM_PEDM
30,0.7671076216,pearson_ADM_PEDM
30,0.8036609872,pearson_ADM_PEDM
30,0.7743195684,pearson_ADM_PEDM
30,0.7837517807,pearson_ADM_PEDM
30,0.7495470384,pearson_ADM_PEDM
30,0.8015133629,pearson_ADM_PEDM
30,0.7902945672,pearson_ADM_PEDM
30,0.8039836394,pearson_ADM_PEDM
30,0.8088052719,pearson_ADM_PEDM
30,0.8003147079,pearson_ADM_PEDM
32,0.8053402944,pearson_ADM_PEDM
32,0.7939473364,pearson_ADM_PEDM
32,0.7435742725,pearson_ADM_PEDM
32,0.7807411746,pearson_ADM_PEDM
32,0.8177338457,pearson_ADM_PEDM
32,0.6713702605,pearson_ADM_PEDM
32,0.7872787235,pearson_ADM_PEDM
32,0.7208584014,pearson_ADM_PEDM
32,0.8151085443,pearson_ADM_PEDM
32,0.805180244,pearson_ADM_PEDM
32,0.7971679283,pearson_ADM_PEDM
32,0.8100586537,pearson_ADM_PEDM
32,0.8020251553,pearson_ADM_PEDM
32,0.8065616848,pearson_ADM_PEDM
32,0.7505565068,pearson_ADM_PEDM
34,0.8257437885,pearson_ADM_PEDM
34,0.7932959501,pearson_ADM_PEDM
34,0.7554080021,pearson_ADM_PEDM
34,0.7568141921,pearson_ADM_PEDM
34,0.8008140379,pearson_ADM_PEDM
34,0.7655039422,pearson_ADM_PEDM
34,0.7553115577,pearson_ADM_PEDM
34,0.7950292255,pearson_ADM_PEDM
34,0.777359292,pearson_ADM_PEDM
34,0.7579591697,pearson_ADM_PEDM
34,0.7693385083,pearson_ADM_PEDM
34,0.7963974687,pearson_ADM_PEDM
34,0.7945045244,pearson_ADM_PEDM
34,0.7726458375,pearson_ADM_PEDM
34,0.8028569593,pearson_ADM_PEDM
36,0.7631649834,pearson_ADM_PEDM
36,0.7679963758,pearson_ADM_PEDM
36,0.8078084005,pearson_ADM_PEDM
36,0.8028310938,pearson_ADM_PEDM
36,0.7458320184,pearson_ADM_PEDM
36,0.7745697186,pearson_ADM_PEDM
36,0.7865857663,pearson_ADM_PEDM
36,0.7811923844,pearson_ADM_PEDM
36,0.7818360999,pearson_ADM_PEDM
36,0.7523175257,pearson_ADM_PEDM
36,0.793115723,pearson_ADM_PEDM
36,0.773780109,pearson_ADM_PEDM
36,0.7289688461,pearson_ADM_PEDM
36,0.7809086495,pearson_ADM_PEDM
36,0.7957978708,pearson_ADM_PEDM
38,0.789675189,pearson_ADM_PEDM
38,0.8121795745,pearson_ADM_PEDM
38,0.8026987938,pearson_ADM_PEDM
38,0.7877240389,pearson_ADM_PEDM
38,0.8130759742,pearson_ADM_PEDM
38,0.74577955,pearson_ADM_PEDM
38,0.796890401,pearson_ADM_PEDM
38,0.8041058475,pearson_ADM_PEDM
38,0.781148538,pearson_ADM_PEDM
38,0.8056401196,pearson_ADM_PEDM
38,0.7891264995,pearson_ADM_PEDM
38,0.7795683509,pearson_ADM_PEDM
38,0.7167826673,pearson_ADM_PEDM
38,0.7153718466,pearson_ADM_PEDM
38,0.7833293914,pearson_ADM_PEDM
40,0.7941450058,pearson_ADM_PEDM
40,0.7669113885,pearson_ADM_PEDM
40,0.7952704667,pearson_ADM_PEDM
40,0.7533234885,pearson_ADM_PEDM
40,0.813659757,pearson_ADM_PEDM
40,0.8129490644,pearson_ADM_PEDM
40,0.7531398591,pearson_ADM_PEDM
40,0.7791501795,pearson_ADM_PEDM
40,0.7708127591,pearson_ADM_PEDM
40,0.789634401,pearson_ADM_PEDM
40,0.7777671002,pearson_ADM_PEDM
40,0.7807622264,pearson_ADM_PEDM
40,0.8257795094,pearson_ADM_PEDM
40,0.8037568942,pearson_ADM_PEDM
40,0.8042882762,pearson_ADM_PEDM
42,0.7650874071,pearson_ADM_PEDM
42,0.7944537573,pearson_ADM_PEDM
42,0.7934875549,pearson_ADM_PEDM
42,0.7811959096,pearson_ADM_PEDM
42,0.7704002051,pearson_ADM_PEDM
42,0.7910264018,pearson_ADM_PEDM
42,0.7443613299,pearson_ADM_PEDM
42,0.8176372546,pearson_ADM_PEDM
42,0.7819205135,pearson_ADM_PEDM
42,0.7833342901,pearson_ADM_PEDM
42,0.7997529561,pearson_ADM_PEDM
42,0.8175115652,pearson_ADM_PEDM
42,0.7716738424,pearson_ADM_PEDM
42,0.7828819546,pearson_ADM_PEDM
42,0.7844931664,pearson_ADM_PEDM
44,0.7679522714,pearson_ADM_PEDM
44,0.7749001484,pearson_ADM_PEDM
44,0.8071665202,pearson_ADM_PEDM
44,0.8048792952,pearson_ADM_PEDM
44,0.7754633596,pearson_ADM_PEDM
44,0.7947469619,pearson_ADM_PEDM
44,0.7561891338,pearson_ADM_PEDM
44,0.7873822633,pearson_ADM_PEDM
44,0.816393483,pearson_ADM_PEDM
44,0.7870686978,pearson_ADM_PEDM
44,0.8053310314,pearson_ADM_PEDM
44,0.8065926743,pearson_ADM_PEDM
44,0.8161399117,pearson_ADM_PEDM
44,0.7578755012,pearson_ADM_PEDM
44,0.7810792251,pearson_ADM_PEDM
46,0.8013756372,pearson_ADM_PEDM
46,0.7733050543,pearson_ADM_PEDM
46,0.7967996986,pearson_ADM_PEDM
46,0.8100360461,pearson_ADM_PEDM
46,0.7771058969,pearson_ADM_PEDM
46,0.778189755,pearson_ADM_PEDM
46,0.7642851188,pearson_ADM_PEDM
46,0.8077218952,pearson_ADM_PEDM
46,0.7840143133,pearson_ADM_PEDM
46,0.8245969579,pearson_ADM_PEDM
46,0.8073536092,pearson_ADM_PEDM
46,0.7932836285,pearson_ADM_PEDM
46,0.7738959087,pearson_ADM_PEDM
46,0.7882508229,pearson_ADM_PEDM
46,0.7329060863,pearson_ADM_PEDM
48,0.8239941216,pearson_ADM_PEDM
48,0.8134407187,pearson_ADM_PEDM
48,0.802137274,pearson_ADM_PEDM
48,0.8014029319,pearson_ADM_PEDM
48,0.7861898987,pearson_ADM_PEDM
48,0.7788149556,pearson_ADM_PEDM
48,0.7814076478,pearson_ADM_PEDM
48,0.7601506446,pearson_ADM_PEDM
48,0.7731461095,pearson_ADM_PEDM
48,0.7941368272,pearson_ADM_PEDM
48,0.7877775879,pearson_ADM_PEDM
48,0.7957176025,pearson_ADM_PEDM
48,0.7711112548,pearson_ADM_PEDM
48,0.8054470682,pearson_ADM_PEDM
48,0.7967597699,pearson_ADM_PEDM
50,0.8170847034,pearson_ADM_PEDM
50,0.7904325359,pearson_ADM_PEDM
50,0.793239114,pearson_ADM_PEDM
50,0.7849174093,pearson_ADM_PEDM
50,0.7712587975,pearson_ADM_PEDM
50,0.7721788981,pearson_ADM_PEDM
50,0.7616866516,pearson_ADM_PEDM
50,0.7883670146,pearson_ADM_PEDM
50,0.8070993737,pearson_ADM_PEDM
50,0.7966019561,pearson_ADM_PEDM
50,0.800391252,pearson_ADM_PEDM
50,0.7781657739,pearson_ADM_PEDM
50,0.8235109788,pearson_ADM_PEDM
50,0.7596932243,pearson_ADM_PEDM
50,0.7659806841,pearson_ADM_PEDM
52,0.7946448847,pearson_ADM_PEDM
52,0.7859482852,pearson_ADM_PEDM
52,0.7370842312,pearson_ADM_PEDM
52,0.7885460971,pearson_ADM_PEDM
52,0.7747721609,pearson_ADM_PEDM
52,0.8211511878,pearson_ADM_PEDM
52,0.7759248676,pearson_ADM_PEDM
52,0.8151552673,pearson_ADM_PEDM
52,0.7575530988,pearson_ADM_PEDM
52,0.7477512281,pearson_ADM_PEDM
52,0.808145197,pearson_ADM_PEDM
52,0.7968143677,pearson_ADM_PEDM
52,0.7784661595,pearson_ADM_PEDM
52,0.8108309458,pearson_ADM_PEDM
52,0.7783191334,pearson_ADM_PEDM
54,0.7972626687,pearson_ADM_PEDM
54,0.7805000997,pearson_ADM_PEDM
54,0.7567433097,pearson_ADM_PEDM
54,0.8016645713,pearson_ADM_PEDM
54,0.7836345098,pearson_ADM_PEDM
54,0.7655741503,pearson_ADM_PEDM
54,0.7801841786,pearson_ADM_PEDM
54,0.8061302595,pearson_ADM_PEDM
54,0.8050551427,pearson_ADM_PEDM
54,0.7747438937,pearson_ADM_PEDM
54,0.8093108372,pearson_ADM_PEDM
54,0.8223764502,pearson_ADM_PEDM
54,0.7574632378,pearson_ADM_PEDM
54,0.8011106553,pearson_ADM_PEDM
54,0.7502974314,pearson_ADM_PEDM
56,0.7498687484,pearson_ADM_PEDM
56,0.802735127,pearson_ADM_PEDM
56,0.8131629423,pearson_ADM_PEDM
56,0.8048171615,pearson_ADM_PEDM
56,0.7320858434,pearson_ADM_PEDM
56,0.7947310418,pearson_ADM_PEDM
56,0.7852412444,pearson_ADM_PEDM
56,0.7888250484,pearson_ADM_PEDM
56,0.797045704,pearson_ADM_PEDM
56,0.8079954266,pearson_ADM_PEDM
56,0.7659175937,pearson_ADM_PEDM
56,0.8124240784,pearson_ADM_PEDM
56,0.7750384576,pearson_ADM_PEDM
56,0.8086188063,pearson_ADM_PEDM
56,0.740433871,pearson_ADM_PEDM
58,0.7827345828,pearson_ADM_PEDM
58,0.8166088231,pearson_ADM_PEDM
58,0.7601769216,pearson_ADM_PEDM
58,0.7909720342,pearson_ADM_PEDM
58,0.7781933797,pearson_ADM_PEDM
58,0.7917341049,pearson_ADM_PEDM
58,0.7885258045,pearson_ADM_PEDM
58,0.7637353685,pearson_ADM_PEDM
58,0.798609491,pearson_ADM_PEDM
58,0.7834006711,pearson_ADM_PEDM
58,0.7932345035,pearson_ADM_PEDM
58,0.801621441,pearson_ADM_PEDM
58,0.8028391948,pearson_ADM_PEDM
58,0.7741501409,pearson_ADM_PEDM
58,0.7862876553,pearson_ADM_PEDM
4,0.6858301188,pearson_ADM_PEDM
4,0.5941139368,pearson_ADM_PEDM
4,0.6953702422,pearson_ADM_PEDM
4,0.6408319405,pearson_ADM_PEDM
4,0.6041110502,pearson_ADM_PEDM
4,0.6183317888,pearson_ADM_PEDM
4,0.657601557,pearson_ADM_PEDM
4,0.6783052372,pearson_ADM_PEDM
4,0.7149418562,pearson_ADM_PEDM
4,0.6989774155,pearson_ADM_PEDM
4,0.673257547,pearson_ADM_PEDM
4,0.6655997651,pearson_ADM_PEDM
4,0.6445112738,pearson_ADM_PEDM
4,0.6510293196,pearson_ADM_PEDM
4,0.6151451527,pearson_ADM_PEDM
60,0.7700487842,pearson_ADM_PEDM
60,0.7715627271,pearson_ADM_PEDM
60,0.7475516632,pearson_ADM_PEDM
60,0.7575383852,pearson_ADM_PEDM
60,0.7921370655,pearson_ADM_PEDM
60,0.7998082583,pearson_ADM_PEDM
60,0.7900321151,pearson_ADM_PEDM
60,0.7743282105,pearson_ADM_PEDM
60,0.8190605636,pearson_ADM_PEDM
60,0.8051126695,pearson_ADM_PEDM
60,0.8153750572,pearson_ADM_PEDM
60,0.7878823999,pearson_ADM_PEDM
60,0.8029399178,pearson_ADM_PEDM
60,0.7791832177,pearson_ADM_PEDM
60,0.7775899792,pearson_ADM_PEDM
62,0.8047372517,pearson_ADM_PEDM
62,0.7560416298,pearson_ADM_PEDM
62,0.8142113467,pearson_ADM_PEDM
62,0.775913773,pearson_ADM_PEDM
62,0.7537798833,pearson_ADM_PEDM
62,0.7911734304,pearson_ADM_PEDM
62,0.7844102317,pearson_ADM_PEDM
62,0.7923440813,pearson_ADM_PEDM
62,0.7749311859,pearson_ADM_PEDM
62,0.8078984997,pearson_ADM_PEDM
62,0.7955569662,pearson_ADM_PEDM
62,0.7735444759,pearson_ADM_PEDM
62,0.794374899,pearson_ADM_PEDM
62,0.8067671325,pearson_ADM_PEDM
62,0.788658112,pearson_ADM_PEDM
64,0.7554791838,pearson_ADM_PEDM
64,0.7638322811,pearson_ADM_PEDM
64,0.8062372185,pearson_ADM_PEDM
64,0.808826089,pearson_ADM_PEDM
64,0.8143326265,pearson_ADM_PEDM
64,0.8104942354,pearson_ADM_PEDM
64,0.8023749849,pearson_ADM_PEDM
64,0.7772314451,pearson_ADM_PEDM
64,0.7971886042,pearson_ADM_PEDM
64,0.7679501092,pearson_ADM_PEDM
64,0.8037869262,pearson_ADM_PEDM
64,0.7848964168,pearson_ADM_PEDM
64,0.8073123979,pearson_ADM_PEDM
64,0.8020704941,pearson_ADM_PEDM
64,0.7934548492,pearson_ADM_PEDM
66,0.7759538403,pearson_ADM_PEDM
66,0.8065721229,pearson_ADM_PEDM
66,0.7850099103,pearson_ADM_PEDM
66,0.8025263633,pearson_ADM_PEDM
66,0.7870981302,pearson_ADM_PEDM
66,0.8102453814,pearson_ADM_PEDM
66,0.7998087546,pearson_ADM_PEDM
66,0.7840947238,pearson_ADM_PEDM
66,0.769179722,pearson_ADM_PEDM
66,0.793906147,pearson_ADM_PEDM
66,0.8173251685,pearson_ADM_PEDM
66,0.7962810776,pearson_ADM_PEDM
66,0.7887113021,pearson_ADM_PEDM
66,0.7846136361,pearson_ADM_PEDM
66,0.7690426773,pearson_ADM_PEDM
68,0.7922940186,pearson_ADM_PEDM
68,0.7845882078,pearson_ADM_PEDM
68,0.7934927388,pearson_ADM_PEDM
68,0.7985982382,pearson_ADM_PEDM
68,0.7716841146,pearson_ADM_PEDM
68,0.815531332,pearson_ADM_PEDM
68,0.7774552761,pearson_ADM_PEDM
68,0.8073575114,pearson_ADM_PEDM
68,0.7997977846,pearson_ADM_PEDM
68,0.8060924385,pearson_ADM_PEDM
68,0.7944747403,pearson_ADM_PEDM
68,0.8000597001,pearson_ADM_PEDM
68,0.786007828,pearson_ADM_PEDM
68,0.7946102822,pearson_ADM_PEDM
68,0.7840190204,pearson_ADM_PEDM
70,0.8015184208,pearson_ADM_PEDM
70,0.7742880611,pearson_ADM_PEDM
70,0.8074210977,pearson_ADM_PEDM
70,0.7992238452,pearson_ADM_PEDM
70,0.8160046848,pearson_ADM_PEDM
70,0.7853477936,pearson_ADM_PEDM
70,0.7826457728,pearson_ADM_PEDM
70,0.8184852712,pearson_ADM_PEDM
70,0.7531043669,pearson_ADM_PEDM
70,0.7993624714,pearson_ADM_PEDM
70,0.7712247752,pearson_ADM_PEDM
70,0.7774612895,pearson_ADM_PEDM
70,0.8101620966,pearson_ADM_PEDM
70,0.7924028187,pearson_ADM_PEDM
70,0.7656054963,pearson_ADM_PEDM
72,0.8082267649,pearson_ADM_PEDM
72,0.7903256329,pearson_ADM_PEDM
72,0.7576112252,pearson_ADM_PEDM
72,0.7963805489,pearson_ADM_PEDM
72,0.787340254,pearson_ADM_PEDM
72,0.7490289374,pearson_ADM_PEDM
72,0.7643621141,pearson_ADM_PEDM
72,0.795970494,pearson_ADM_PEDM
72,0.7959440809,pearson_ADM_PEDM
72,0.7797571229,pearson_ADM_PEDM
72,0.7835076665,pearson_ADM_PEDM
72,0.8065545962,pearson_ADM_PEDM
72,0.7880449665,pearson_ADM_PEDM
72,0.7896899807,pearson_ADM_PEDM
72,0.7725253764,pearson_ADM_PEDM
74,0.7920631991,pearson_ADM_PEDM
74,0.7582727963,pearson_ADM_PEDM
74,0.8037409483,pearson_ADM_PEDM
74,0.8032821992,pearson_ADM_PEDM
74,0.7953482366,pearson_ADM_PEDM
74,0.7163849137,pearson_ADM_PEDM
74,0.8223840732,pearson_ADM_PEDM
74,0.8175859057,pearson_ADM_PEDM
74,0.8149596061,pearson_ADM_PEDM
74,0.8102914302,pearson_ADM_PEDM
74,0.8057933662,pearson_ADM_PEDM
74,0.7848943771,pearson_ADM_PEDM
74,0.7954681938,pearson_ADM_PEDM
74,0.7321237922,pearson_ADM_PEDM
74,0.7938491112,pearson_ADM_PEDM
76,0.7958057305,pearson_ADM_PEDM
76,0.7607232724,pearson_ADM_PEDM
76,0.7768061993,pearson_ADM_PEDM
76,0.814675835,pearson_ADM_PEDM
76,0.8145349759,pearson_ADM_PEDM
76,0.7917128779,pearson_ADM_PEDM
76,0.8233226723,pearson_ADM_PEDM
76,0.8109950742,pearson_ADM_PEDM
76,0.835705138,pearson_ADM_PEDM
76,0.8137666131,pearson_ADM_PEDM
76,0.8123409518,pearson_ADM_PEDM
76,0.8240253731,pearson_ADM_PEDM
76,0.7387250201,pearson_ADM_PEDM
76,0.7521349904,pearson_ADM_PEDM
76,0.7633939215,pearson_ADM_PEDM
78,0.7986838077,pearson_ADM_PEDM
78,0.7973969677,pearson_ADM_PEDM
78,0.7860962161,pearson_ADM_PEDM
78,0.7808884655,pearson_ADM_PEDM
78,0.7884215027,pearson_ADM_PEDM
78,0.803953785,pearson_ADM_PEDM
78,0.7765746528,pearson_ADM_PEDM
78,0.774098836,pearson_ADM_PEDM
78,0.8238085781,pearson_ADM_PEDM
78,0.8213572108,pearson_ADM_PEDM
78,0.77463238,pearson_ADM_PEDM
78,0.7909314046,pearson_ADM_PEDM
78,0.7638970507,pearson_ADM_PEDM
78,0.8215902959,pearson_ADM_PEDM
78,0.8098884577,pearson_ADM_PEDM
6,0.6994327701,pearson_ADM_PEDM
6,0.6782735029,pearson_ADM_PEDM
6,0.686777009,pearson_ADM_PEDM
6,0.7626748898,pearson_ADM_PEDM
6,0.7136519243,pearson_ADM_PEDM
6,0.7154408854,pearson_ADM_PEDM
6,0.645249608,pearson_ADM_PEDM
6,0.7193209195,pearson_ADM_PEDM
6,0.6573053481,pearson_ADM_PEDM
6,0.7350309693,pearson_ADM_PEDM
6,0.6948489092,pearson_ADM_PEDM
6,0.7258641061,pearson_ADM_PEDM
6,0.6907844495,pearson_ADM_PEDM
6,0.7406002812,pearson_ADM_PEDM
6,0.7175286435,pearson_ADM_PEDM
80,0.7769055316,pearson_ADM_PEDM
80,0.7841357329,pearson_ADM_PEDM
80,0.7883504127,pearson_ADM_PEDM
80,0.8051288944,pearson_ADM_PEDM
80,0.8063801847,pearson_ADM_PEDM
80,0.7822782484,pearson_ADM_PEDM
80,0.7995360067,pearson_ADM_PEDM
80,0.8109644206,pearson_ADM_PEDM
80,0.7968659531,pearson_ADM_PEDM
80,0.8089513277,pearson_ADM_PEDM
80,0.8174365394,pearson_ADM_PEDM
80,0.7692541898,pearson_ADM_PEDM
80,0.7835750874,pearson_ADM_PEDM
80,0.7838310688,pearson_ADM_PEDM
80,0.7716889833,pearson_ADM_PEDM
82,0.8015217842,pearson_ADM_PEDM
82,0.7902880135,pearson_ADM_PEDM
82,0.7861846531,pearson_ADM_PEDM
82,0.8199095359,pearson_ADM_PEDM
82,0.8093701852,pearson_ADM_PEDM
82,0.7807106971,pearson_ADM_PEDM
82,0.8026903557,pearson_ADM_PEDM
82,0.7833632529,pearson_ADM_PEDM
82,0.8073566839,pearson_ADM_PEDM
82,0.8086796393,pearson_ADM_PEDM
82,0.8145318339,pearson_ADM_PEDM
82,0.7725722795,pearson_ADM_PEDM
82,0.8068486466,pearson_ADM_PEDM
82,0.7742426279,pearson_ADM_PEDM
82,0.7972391593,pearson_ADM_PEDM
84,0.8052259081,pearson_ADM_PEDM
84,0.795995596,pearson_ADM_PEDM
84,0.7903337924,pearson_ADM_PEDM
84,0.7681090907,pearson_ADM_PEDM
84,0.7548346286,pearson_ADM_PEDM
84,0.7920346811,pearson_ADM_PEDM
84,0.8296209164,pearson_ADM_PEDM
84,0.8117533244,pearson_ADM_PEDM
84,0.795457122,pearson_ADM_PEDM
84,0.7883707426,pearson_ADM_PEDM
84,0.8133139427,pearson_ADM_PEDM
84,0.7951322636,pearson_ADM_PEDM
84,0.7860485102,pearson_ADM_PEDM
84,0.7889054457,pearson_ADM_PEDM
84,0.8167026625,pearson_ADM_PEDM
86,0.7973154169,pearson_ADM_PEDM
86,0.8146035512,pearson_ADM_PEDM
86,0.8088856715,pearson_ADM_PEDM
86,0.8247837982,pearson_ADM_PEDM
86,0.7764452402,pearson_ADM_PEDM
86,0.8108958185,pearson_ADM_PEDM
86,0.7962047188,pearson_ADM_PEDM
86,0.7927177037,pearson_ADM_PEDM
86,0.8142824987,pearson_ADM_PEDM
86,0.7981185772,pearson_ADM_PEDM
86,0.8087343242,pearson_ADM_PEDM
86,0.8195193489,pearson_ADM_PEDM
86,0.798639432,pearson_ADM_PEDM
86,0.801643143,pearson_ADM_PEDM
86,0.7902247541,pearson_ADM_PEDM
88,0.7759811318,pearson_ADM_PEDM
88,0.7802908541,pearson_ADM_PEDM
88,0.799606828,pearson_ADM_PEDM
88,0.8163190459,pearson_ADM_PEDM
88,0.7987843347,pearson_ADM_PEDM
88,0.7856946588,pearson_ADM_PEDM
88,0.807916088,pearson_ADM_PEDM
88,0.8209518896,pearson_ADM_PEDM
88,0.7968889807,pearson_ADM_PEDM
88,0.7850634518,pearson_ADM_PEDM
88,0.8104454892,pearson_ADM_PEDM
88,0.7788158438,pearson_ADM_PEDM
88,0.7975763985,pearson_ADM_PEDM
88,0.8124285932,pearson_ADM_PEDM
88,0.8174492354,pearson_ADM_PEDM
90,0.7720482325,pearson_ADM_PEDM
90,0.7726205816,pearson_ADM_PEDM
90,0.8148463058,pearson_ADM_PEDM
90,0.7854106513,pearson_ADM_PEDM
90,0.8052746193,pearson_ADM_PEDM
90,0.7735950572,pearson_ADM_PEDM
90,0.7876452166,pearson_ADM_PEDM
90,0.7968639068,pearson_ADM_PEDM
90,0.7972999553,pearson_ADM_PEDM
90,0.7991045782,pearson_ADM_PEDM
90,0.8091340198,pearson_ADM_PEDM
90,0.8052046721,pearson_ADM_PEDM
90,0.7938655924,pearson_ADM_PEDM
90,0.7822753088,pearson_ADM_PEDM
90,0.7895912397,pearson_ADM_PEDM
92,0.8013433655,pearson_ADM_PEDM
92,0.8157819915,pearson_ADM_PEDM
92,0.8151622732,pearson_ADM_PEDM
92,0.7792715644,pearson_ADM_PEDM
92,0.790809782,pearson_ADM_PEDM
92,0.8287124868,pearson_ADM_PEDM
92,0.7794781909,pearson_ADM_PEDM
92,0.7975593019,pearson_ADM_PEDM
92,0.7907655968,pearson_ADM_PEDM
92,0.812439176,pearson_ADM_PEDM
92,0.7826969431,pearson_ADM_PEDM
92,0.7989294272,pearson_ADM_PEDM
92,0.7985213032,pearson_ADM_PEDM
92,0.8078737285,pearson_ADM_PEDM
92,0.8019514746,pearson_ADM_PEDM
94,0.8192766752,pearson_ADM_PEDM
94,0.789805579,pearson_ADM_PEDM
94,0.804019421,pearson_ADM_PEDM
94,0.7948952417,pearson_ADM_PEDM
94,0.7955038029,pearson_ADM_PEDM
94,0.7783294361,pearson_ADM_PEDM
94,0.8057710888,pearson_ADM_PEDM
94,0.7794103306,pearson_ADM_PEDM
94,0.8056066759,pearson_ADM_PEDM
94,0.7533101906,pearson_ADM_PEDM
94,0.804452805,pearson_ADM_PEDM
94,0.7717150517,pearson_ADM_PEDM
94,0.790381098,pearson_ADM_PEDM
94,0.7977234874,pearson_ADM_PEDM
94,0.8097550925,pearson_ADM_PEDM
96,0.8054775897,pearson_ADM_PEDM
96,0.801661022,pearson_ADM_PEDM
96,0.7917452033,pearson_ADM_PEDM
96,0.811897029,pearson_ADM_PEDM
96,0.8101988014,pearson_ADM_PEDM
96,0.7802413266,pearson_ADM_PEDM
96,0.8041185844,pearson_ADM_PEDM
96,0.8181760244,pearson_ADM_PEDM
96,0.8027057929,pearson_ADM_PEDM
96,0.7688177072,pearson_ADM_PEDM
96,0.7700350232,pearson_ADM_PEDM
96,0.8155640678,pearson_ADM_PEDM
96,0.812259817,pearson_ADM_PEDM
96,0.8027229948,pearson_ADM_PEDM
96,0.8171449765,pearson_ADM_PEDM
98,0.7924204832,pearson_ADM_PEDM
98,0.805411147,pearson_ADM_PEDM
98,0.7902431723,pearson_ADM_PEDM
98,0.7845304437,pearson_ADM_PEDM
98,0.7717018662,pearson_ADM_PEDM
98,0.8200065261,pearson_ADM_PEDM
98,0.7664680938,pearson_ADM_PEDM
98,0.7928984833,pearson_ADM_PEDM
98,0.7795835681,pearson_ADM_PEDM
98,0.8213936528,pearson_ADM_PEDM
98,0.7911544528,pearson_ADM_PEDM
98,0.7934416387,pearson_ADM_PEDM
98,0.825602807,pearson_ADM_PEDM
98,0.777239317,pearson_ADM_PEDM
98,0.8162771905,pearson_ADM_PEDM
8,0.7325977894,pearson_ADM_PEDM
8,0.6516027106,pearson_ADM_PEDM
8,0.5978907091,pearson_ADM_PEDM
8,0.6225144173,pearson_ADM_PEDM
8,0.7461284718,pearson_ADM_PEDM
8,0.7178552191,pearson_ADM_PEDM
8,0.6615624082,pearson_ADM_PEDM
8,0.7092265148,pearson_ADM_PEDM
8,0.6778367369,pearson_ADM_PEDM
8,0.660775085,pearson_ADM_PEDM
8,0.6616750785,pearson_ADM_PEDM
8,0.6720154493,pearson_ADM_PEDM
8,0.6913085949,pearson_ADM_PEDM
8,0.7125547446,pearson_ADM_PEDM
8,0.7347117899,pearson_ADM_PEDM
100,0.8105118108,pearson_ADM_PEDM
100,0.7736521656,pearson_ADM_PEDM
100,0.8030765555,pearson_ADM_PEDM
100,0.7879612849,pearson_ADM_PEDM
100,0.7789571709,pearson_ADM_PEDM
100,0.799375179,pearson_ADM_PEDM
100,0.81589739,pearson_ADM_PEDM
100,0.8008040429,pearson_ADM_PEDM
100,0.8217497288,pearson_ADM_PEDM
100,0.7840538363,pearson_ADM_PEDM
100,0.8062662472,pearson_ADM_PEDM
100,0.7804956273,pearson_ADM_PEDM
100,0.8080118201,pearson_ADM_PEDM
100,0.782762414,pearson_ADM_PEDM
100,0.8013357203,pearson_ADM_PEDM
10,0.6372753846,pearson_ADM_PEDM
10,0.7818480872,pearson_ADM_PEDM
10,0.7389989922,pearson_ADM_PEDM
10,0.6651638389,pearson_ADM_PEDM
10,0.7600311378,pearson_ADM_PEDM
10,0.722272241,pearson_ADM_PEDM
10,0.5657745289,pearson_ADM_PEDM
10,0.6375814853,pearson_ADM_PEDM
10,0.7235008987,pearson_ADM_PEDM
10,0.6755705131,pearson_ADM_PEDM
10,0.5225127948,pearson_ADM_PEDM
10,0.7112728444,pearson_ADM_PEDM
10,0.6878243126,pearson_ADM_PEDM
10,0.7797404056,pearson_ADM_PEDM
10,0.641947235,pearson_ADM_PEDM
12,0.6679402205,pearson_ADM_PEDM
12,0.7537902308,pearson_ADM_PEDM
12,0.7641781214,pearson_ADM_PEDM
12,0.744610503,pearson_ADM_PEDM
12,0.7719629004,pearson_ADM_PEDM
12,0.6743642888,pearson_ADM_PEDM
12,0.7706284182,pearson_ADM_PEDM
12,0.7848734045,pearson_ADM_PEDM
12,0.7443109344,pearson_ADM_PEDM
12,0.7132782638,pearson_ADM_PEDM
12,0.7491621764,pearson_ADM_PEDM
12,0.7780013574,pearson_ADM_PEDM
12,0.7554978658,pearson_ADM_PEDM
12,0.7343553488,pearson_ADM_PEDM
12,0.717262761,pearson_ADM_PEDM
14,0.7026175095,pearson_ADM_PEDM
14,0.7323511279,pearson_ADM_PEDM
14,0.7439247015,pearson_ADM_PEDM
14,0.7180918023,pearson_ADM_PEDM
14,0.79289002,pearson_ADM_PEDM
14,0.7669407492,pearson_ADM_PEDM
14,0.7351859446,pearson_ADM_PEDM
14,0.711236542,pearson_ADM_PEDM
14,0.7571540856,pearson_ADM_PEDM
14,0.7913535625,pearson_ADM_PEDM
14,0.7645023894,pearson_ADM_PEDM
14,0.7788250742,pearson_ADM_PEDM
14,0.7824518754,pearson_ADM_PEDM
14,0.6601499892,pearson_ADM_PEDM
14,0.7843251782,pearson_ADM_PEDM
16,0.7899604392,pearson_ADM_PEDM
16,0.7005720215,pearson_ADM_PEDM
16,0.7173451955,pearson_ADM_PEDM
16,0.6917206873,pearson_ADM_PEDM
16,0.7344203526,pearson_ADM_PEDM
16,0.7508973604,pearson_ADM_PEDM
16,0.7081018299,pearson_ADM_PEDM
16,0.7248386932,pearson_ADM_PEDM
16,0.7690089744,pearson_ADM_PEDM
16,0.6653177425,pearson_ADM_PEDM
16,0.6863762504,pearson_ADM_PEDM
16,0.7031648364,pearson_ADM_PEDM
16,0.7258082995,pearson_ADM_PEDM
16,0.7413714676,pearson_ADM_PEDM
16,0.7098103792,pearson_ADM_PEDM
18,0.73653949,pearson_ADM_PEDM
18,0.7591449916,pearson_ADM_PEDM
18,0.8006469904,pearson_ADM_PEDM
18,0.7661310587,pearson_ADM_PEDM
18,0.7699202056,pearson_ADM_PEDM
18,0.7562696295,pearson_ADM_PEDM
18,0.7770007311,pearson_ADM_PEDM
18,0.7668124263,pearson_ADM_PEDM
18,0.6747374815,pearson_ADM_PEDM
18,0.7277045836,pearson_ADM_PEDM
18,0.7786406286,pearson_ADM_PEDM
18,0.753198907,pearson_ADM_PEDM
18,0.7250134879,pearson_ADM_PEDM
18,0.6926579579,pearson_ADM_PEDM
18,0.7540181088,pearson_ADM_PEDM
20,0.7728123441,pearson_ADM_PEDM
20,0.740637379,pearson_ADM_PEDM
20,0.7884306666,pearson_ADM_PEDM
20,0.8003217991,pearson_ADM_PEDM
20,0.7732931625,pearson_ADM_PEDM
20,0.7905358892,pearson_ADM_PEDM
20,0.7490209913,pearson_ADM_PEDM
20,0.7420317767,pearson_ADM_PEDM
20,0.7593074856,pearson_ADM_PEDM
20,0.7841448286,pearson_ADM_PEDM
20,0.7421239115,pearson_ADM_PEDM
20,0.8063546262,pearson_ADM_PEDM
20,0.7411124115,pearson_ADM_PEDM
20,0.8057496735,pearson_ADM_PEDM
20,0.7501652914,pearson_ADM_PEDM
22,0.6896118766,pearson_ADM_PEDM
22,0.7351228018,pearson_ADM_PEDM
22,0.7770052752,pearson_ADM_PEDM
22,0.7824716969,pearson_ADM_PEDM
22,0.7828205129,pearson_ADM_PEDM
22,0.8239945965,pearson_ADM_PEDM
22,0.7362528405,pearson_ADM_PEDM
22,0.7492638551,pearson_ADM_PEDM
22,0.7631411264,pearson_ADM_PEDM
22,0.7817832107,pearson_ADM_PEDM
22,0.7689686942,pearson_ADM_PEDM
22,0.7806399406,pearson_ADM_PEDM
22,0.804535032,pearson_ADM_PEDM
22,0.7392095307,pearson_ADM_PEDM
22,0.7496400847,pearson_ADM_PEDM
24,0.7641526633,pearson_ADM_PEDM
24,0.7578724456,pearson_ADM_PEDM
24,0.8002424198,pearson_ADM_PEDM
24,0.7655502553,pearson_ADM_PEDM
24,0.7558061354,pearson_ADM_PEDM
24,0.7676376905,pearson_ADM_PEDM
24,0.7446321836,pearson_ADM_PEDM
24,0.7479583894,pearson_ADM_PEDM
24,0.7506826162,pearson_ADM_PEDM
24,0.7736677453,pearson_ADM_PEDM
24,0.7460729341,pearson_ADM_PEDM
24,0.7846526142,pearson_ADM_PEDM
24,0.770314439,pearson_ADM_PEDM
24,0.7309883266,pearson_ADM_PEDM
24,0.7545948168,pearson_ADM_PEDM
26,0.7271421425,pearson_ADM_PEDM
26,0.756376563,pearson_ADM_PEDM
26,0.7649461346,pearson_ADM_PEDM
26,0.7961440736,pearson_ADM_PEDM
26,0.7830881266,pearson_ADM_PEDM
26,0.8014445106,pearson_ADM_PEDM
26,0.6956602519,pearson_ADM_PEDM
26,0.7924935648,pearson_ADM_PEDM
26,0.7563834726,pearson_ADM_PEDM
26,0.7917959113,pearson_ADM_PEDM
26,0.7552791793,pearson_ADM_PEDM
26,0.7625861646,pearson_ADM_PEDM
26,0.7952869215,pearson_ADM_PEDM
26,0.7892473615,pearson_ADM_PEDM
26,0.7514729421,pearson_ADM_PEDM
28,0.7608983052,pearson_ADM_PEDM
28,0.7996246544,pearson_ADM_PEDM
28,0.7842356644,pearson_ADM_PEDM
28,0.7116173292,pearson_ADM_PEDM
28,0.7562390567,pearson_ADM_PEDM
28,0.7595170172,pearson_ADM_PEDM
28,0.7752058082,pearson_ADM_PEDM
28,0.7504252349,pearson_ADM_PEDM
28,0.8136472839,pearson_ADM_PEDM
28,0.7956324071,pearson_ADM_PEDM
28,0.7594867165,pearson_ADM_PEDM
28,0.8110350752,pearson_ADM_PEDM
28,0.783354559,pearson_ADM_PEDM
28,0.7679547616,pearson_ADM_PEDM
28,0.7745600177,pearson_ADM_PEDM
30,0.7689179688,pearson_ADM_PEDM
30,0.8130377503,pearson_ADM_PEDM
30,0.8127514834,pearson_ADM_PEDM
30,0.8072213899,pearson_ADM_PEDM
30,0.8057810382,pearson_ADM_PEDM
30,0.8287233326,pearson_ADM_PEDM
30,0.7823428057,pearson_ADM_PEDM
30,0.7731646718,pearson_ADM_PEDM
30,0.7494128561,pearson_ADM_PEDM
30,0.7841998724,pearson_ADM_PEDM
30,0.7810949984,pearson_ADM_PEDM
30,0.7512138961,pearson_ADM_PEDM
30,0.7556864374,pearson_ADM_PEDM
30,0.7797446859,pearson_ADM_PEDM
30,0.7653885267,pearson_ADM_PEDM
32,0.7738951317,pearson_ADM_PEDM
32,0.8031445098,pearson_ADM_PEDM
32,0.7836410245,pearson_ADM_PEDM
32,0.7783909955,pearson_ADM_PEDM
32,0.7623065792,pearson_ADM_PEDM
32,0.7851447125,pearson_ADM_PEDM
32,0.784066466,pearson_ADM_PEDM
32,0.8084320287,pearson_ADM_PEDM
32,0.7700633511,pearson_ADM_PEDM
32,0.7766719367,pearson_ADM_PEDM
32,0.7347931416,pearson_ADM_PEDM
32,0.7736111705,pearson_ADM_PEDM
32,0.7823339045,pearson_ADM_PEDM
32,0.7794741291,pearson_ADM_PEDM
32,0.8335930868,pearson_ADM_PEDM
34,0.8131655496,pearson_ADM_PEDM
34,0.7796275321,pearson_ADM_PEDM
34,0.7786863997,pearson_ADM_PEDM
34,0.7632089338,pearson_ADM_PEDM
34,0.7833388221,pearson_ADM_PEDM
34,0.756530761,pearson_ADM_PEDM
34,0.7281491312,pearson_ADM_PEDM
34,0.7190951963,pearson_ADM_PEDM
34,0.7925720949,pearson_ADM_PEDM
34,0.7890030375,pearson_ADM_PEDM
34,0.7552679789,pearson_ADM_PEDM
34,0.8083932063,pearson_ADM_PEDM
34,0.7769083418,pearson_ADM_PEDM
34,0.7581756452,pearson_ADM_PEDM
34,0.7723254891,pearson_ADM_PEDM
36,0.7336524072,pearson_ADM_PEDM
36,0.7690136132,pearson_ADM_PEDM
36,0.7433898248,pearson_ADM_PEDM
36,0.7721764228,pearson_ADM_PEDM
36,0.7790586336,pearson_ADM_PEDM
36,0.8092166695,pearson_ADM_PEDM
36,0.7571484481,pearson_ADM_PEDM
36,0.7575765182,pearson_ADM_PEDM
36,0.7851541319,pearson_ADM_PEDM
36,0.7781448119,pearson_ADM_PEDM
36,0.7992312697,pearson_ADM_PEDM
36,0.809524644,pearson_ADM_PEDM
36,0.8029257691,pearson_ADM_PEDM
36,0.8040388718,pearson_ADM_PEDM
36,0.8325205687,pearson_ADM_PEDM
38,0.8001452807,pearson_ADM_PEDM
38,0.7837611644,pearson_ADM_PEDM
38,0.7950003465,pearson_ADM_PEDM
38,0.785190998,pearson_ADM_PEDM
38,0.809927263,pearson_ADM_PEDM
38,0.7848855131,pearson_ADM_PEDM
38,0.7615824192,pearson_ADM_PEDM
38,0.8006357275,pearson_ADM_PEDM
38,0.7710810429,pearson_ADM_PEDM
38,0.7881904067,pearson_ADM_PEDM
38,0.7946695593,pearson_ADM_PEDM
38,0.7818236497,pearson_ADM_PEDM
38,0.7593319701,pearson_ADM_PEDM
38,0.7915041443,pearson_ADM_PEDM
38,0.8011482471,pearson_ADM_PEDM
40,0.7872681338,pearson_ADM_PEDM
40,0.7873020746,pearson_ADM_PEDM
40,0.8038192498,pearson_ADM_PEDM
40,0.7961396203,pearson_ADM_PEDM
40,0.7709927005,pearson_ADM_PEDM
40,0.8051383985,pearson_ADM_PEDM
40,0.7496707498,pearson_ADM_PEDM
40,0.8200111378,pearson_ADM_PEDM
40,0.7464585788,pearson_ADM_PEDM
40,0.8047914541,pearson_ADM_PEDM
40,0.7353880967,pearson_ADM_PEDM
40,0.7635343947,pearson_ADM_PEDM
40,0.7915529103,pearson_ADM_PEDM
40,0.8229240638,pearson_ADM_PEDM
40,0.7481262915,pearson_ADM_PEDM
42,0.7840368175,pearson_ADM_PEDM
42,0.8102059438,pearson_ADM_PEDM
42,0.7957708613,pearson_ADM_PEDM
42,0.7906850216,pearson_ADM_PEDM
42,0.7946944632,pearson_ADM_PEDM
42,0.817263526,pearson_ADM_PEDM
42,0.7974840542,pearson_ADM_PEDM
42,0.8045805022,pearson_ADM_PEDM
42,0.8002517779,pearson_ADM_PEDM
42,0.7695669617,pearson_ADM_PEDM
42,0.8024638998,pearson_ADM_PEDM
42,0.7873548758,pearson_ADM_PEDM
42,0.8121357112,pearson_ADM_PEDM
42,0.7843841136,pearson_ADM_PEDM
42,0.8042317731,pearson_ADM_PEDM
44,0.8031155685,pearson_ADM_PEDM
44,0.7672629518,pearson_ADM_PEDM
44,0.7855012714,pearson_ADM_PEDM
44,0.8158190347,pearson_ADM_PEDM
44,0.7942847249,pearson_ADM_PEDM
44,0.7760195612,pearson_ADM_PEDM
44,0.8052554831,pearson_ADM_PEDM
44,0.7999034197,pearson_ADM_PEDM
44,0.7884477839,pearson_ADM_PEDM
44,0.7828971575,pearson_ADM_PEDM
44,0.818911946,pearson_ADM_PEDM
44,0.793449181,pearson_ADM_PEDM
44,0.8114199716,pearson_ADM_PEDM
44,0.7935820205,pearson_ADM_PEDM
44,0.7477148804,pearson_ADM_PEDM
46,0.7864196413,pearson_ADM_PEDM
46,0.7802910023,pearson_ADM_PEDM
46,0.7824102496,pearson_ADM_PEDM
46,0.77760863,pearson_ADM_PEDM
46,0.7682390505,pearson_ADM_PEDM
46,0.7898872516,pearson_ADM_PEDM
46,0.7213114829,pearson_ADM_PEDM
46,0.7798216987,pearson_ADM_PEDM
46,0.7908032965,pearson_ADM_PEDM
46,0.7628830128,pearson_ADM_PEDM
46,0.7755323864,pearson_ADM_PEDM
46,0.7595542249,pearson_ADM_PEDM
46,0.7950000456,pearson_ADM_PEDM
46,0.7830844854,pearson_ADM_PEDM
46,0.7666168096,pearson_ADM_PEDM
48,0.7970246673,pearson_ADM_PEDM
48,0.78476188,pearson_ADM_PEDM
48,0.7858420054,pearson_ADM_PEDM
48,0.7524223042,pearson_ADM_PEDM
48,0.7908410625,pearson_ADM_PEDM
48,0.8163913413,pearson_ADM_PEDM
48,0.7674627413,pearson_ADM_PEDM
48,0.7970450952,pearson_ADM_PEDM
48,0.8124548379,pearson_ADM_PEDM
48,0.8075468238,pearson_ADM_PEDM
48,0.7724901629,pearson_ADM_PEDM
48,0.7736348808,pearson_ADM_PEDM
48,0.7836287321,pearson_ADM_PEDM
48,0.7938829213,pearson_ADM_PEDM
48,0.7809385754,pearson_ADM_PEDM
50,0.8289980323,pearson_ADM_PEDM
50,0.7677282715,pearson_ADM_PEDM
50,0.772309366,pearson_ADM_PEDM
50,0.8103697028,pearson_ADM_PEDM
50,0.7370908757,pearson_ADM_PEDM
50,0.8085029277,pearson_ADM_PEDM
50,0.8077018998,pearson_ADM_PEDM
50,0.8081387931,pearson_ADM_PEDM
50,0.7995939397,pearson_ADM_PEDM
50,0.7886115852,pearson_ADM_PEDM
50,0.7880234083,pearson_ADM_PEDM
50,0.8044622844,pearson_ADM_PEDM
50,0.7907605565,pearson_ADM_PEDM
50,0.7910871652,pearson_ADM_PEDM
50,0.8087526863,pearson_ADM_PEDM
52,0.8180891711,pearson_ADM_PEDM
52,0.795186098,pearson_ADM_PEDM
52,0.7541147541,pearson_ADM_PEDM
52,0.7896730908,pearson_ADM_PEDM
52,0.793531449,pearson_ADM_PEDM
52,0.8028066336,pearson_ADM_PEDM
52,0.797789187,pearson_ADM_PEDM
52,0.8093774151,pearson_ADM_PEDM
52,0.7973974941,pearson_ADM_PEDM
52,0.7986803959,pearson_ADM_PEDM
52,0.7946445488,pearson_ADM_PEDM
52,0.8019412641,pearson_ADM_PEDM
52,0.7943725597,pearson_ADM_PEDM
52,0.8102658875,pearson_ADM_PEDM
52,0.7952176186,pearson_ADM_PEDM
54,0.7890958261,pearson_ADM_PEDM
54,0.8191543884,pearson_ADM_PEDM
54,0.7957622853,pearson_ADM_PEDM
54,0.7918525176,pearson_ADM_PEDM
54,0.805560166,pearson_ADM_PEDM
54,0.8014251168,pearson_ADM_PEDM
54,0.8017889497,pearson_ADM_PEDM
54,0.7140744711,pearson_ADM_PEDM
54,0.7801585945,pearson_ADM_PEDM
54,0.7787303034,pearson_ADM_PEDM
54,0.8053619222,pearson_ADM_PEDM
54,0.8087300245,pearson_ADM_PEDM
54,0.798944582,pearson_ADM_PEDM
54,0.8056144171,pearson_ADM_PEDM
54,0.7960177928,pearson_ADM_PEDM
56,0.7911604068,pearson_ADM_PEDM
56,0.8176162538,pearson_ADM_PEDM
56,0.8002655937,pearson_ADM_PEDM
56,0.7818605745,pearson_ADM_PEDM
56,0.7965565276,pearson_ADM_PEDM
56,0.7858335096,pearson_ADM_PEDM
56,0.8180378711,pearson_ADM_PEDM
56,0.811237033,pearson_ADM_PEDM
56,0.7869630175,pearson_ADM_PEDM
56,0.8035575824,pearson_ADM_PEDM
56,0.8004863514,pearson_ADM_PEDM
56,0.7784682717,pearson_ADM_PEDM
56,0.8256915482,pearson_ADM_PEDM
56,0.7977229482,pearson_ADM_PEDM
56,0.8168564004,pearson_ADM_PEDM
58,0.7958328696,pearson_ADM_PEDM
58,0.8133709187,pearson_ADM_PEDM
58,0.8049118111,pearson_ADM_PEDM
58,0.8071994151,pearson_ADM_PEDM
58,0.7986821242,pearson_ADM_PEDM
58,0.7861594764,pearson_ADM_PEDM
58,0.8016146646,pearson_ADM_PEDM
58,0.7790890119,pearson_ADM_PEDM
58,0.792429629,pearson_ADM_PEDM
58,0.8172089503,pearson_ADM_PEDM
58,0.8080158887,pearson_ADM_PEDM
58,0.7839476447,pearson_ADM_PEDM
58,0.8113041134,pearson_ADM_PEDM
58,0.8173584862,pearson_ADM_PEDM
58,0.8161831461,pearson_ADM_PEDM
4,0.6216666447,pearson_ADM_PEDM
4,0.6719464007,pearson_ADM_PEDM
4,0.6587251851,pearson_ADM_PEDM
4,0.6956963521,pearson_ADM_PEDM
4,0.606317631,pearson_ADM_PEDM
4,0.6577166822,pearson_ADM_PEDM
4,0.6482465598,pearson_ADM_PEDM
4,0.608080598,pearson_ADM_PEDM
4,0.6329514758,pearson_ADM_PEDM
4,0.6028181858,pearson_ADM_PEDM
4,0.6764947147,pearson_ADM_PEDM
4,0.6819101472,pearson_ADM_PEDM
4,0.7294105029,pearson_ADM_PEDM
4,0.7277593268,pearson_ADM_PEDM
4,0.6527302666,pearson_ADM_PEDM
60,0.771274494,pearson_ADM_PEDM
60,0.7623610184,pearson_ADM_PEDM
60,0.7989210909,pearson_ADM_PEDM
60,0.8241961278,pearson_ADM_PEDM
60,0.7914430942,pearson_ADM_PEDM
60,0.7893840865,pearson_ADM_PEDM
60,0.8023428221,pearson_ADM_PEDM
60,0.8221614738,pearson_ADM_PEDM
60,0.81589589,pearson_ADM_PEDM
60,0.7953640276,pearson_ADM_PEDM
60,0.8176929147,pearson_ADM_PEDM
60,0.8052662365,pearson_ADM_PEDM
60,0.803123376,pearson_ADM_PEDM
60,0.8006039149,pearson_ADM_PEDM
60,0.7808708877,pearson_ADM_PEDM
62,0.8159994088,pearson_ADM_PEDM
62,0.7614053304,pearson_ADM_PEDM
62,0.7915222276,pearson_ADM_PEDM
62,0.765208214,pearson_ADM_PEDM
62,0.7968168014,pearson_ADM_PEDM
62,0.8080943694,pearson_ADM_PEDM
62,0.7892299919,pearson_ADM_PEDM
62,0.7804087478,pearson_ADM_PEDM
62,0.7931520817,pearson_ADM_PEDM
62,0.7773796011,pearson_ADM_PEDM
62,0.8089489312,pearson_ADM_PEDM
62,0.7616250624,pearson_ADM_PEDM
62,0.7687341448,pearson_ADM_PEDM
62,0.7846937502,pearson_ADM_PEDM
62,0.7453995427,pearson_ADM_PEDM
64,0.8291967884,pearson_ADM_PEDM
64,0.8179473582,pearson_ADM_PEDM
64,0.7973384503,pearson_ADM_PEDM
64,0.8203634619,pearson_ADM_PEDM
64,0.7949634737,pearson_ADM_PEDM
64,0.8098481161,pearson_ADM_PEDM
64,0.8108346856,pearson_ADM_PEDM
64,0.8146776418,pearson_ADM_PEDM
64,0.8058498236,pearson_ADM_PEDM
64,0.7899802785,pearson_ADM_PEDM
64,0.8205407328,pearson_ADM_PEDM
64,0.8103289037,pearson_ADM_PEDM
64,0.8186017728,pearson_ADM_PEDM
64,0.8151083141,pearson_ADM_PEDM
64,0.7772748399,pearson_ADM_PEDM
66,0.7969186784,pearson_ADM_PEDM
66,0.7992883352,pearson_ADM_PEDM
66,0.8068723572,pearson_ADM_PEDM
66,0.8221913441,pearson_ADM_PEDM
66,0.7862994927,pearson_ADM_PEDM
66,0.7947491775,pearson_ADM_PEDM
66,0.8037277858,pearson_ADM_PEDM
66,0.7659069653,pearson_ADM_PEDM
66,0.7987919789,pearson_ADM_PEDM
66,0.8120120942,pearson_ADM_PEDM
66,0.7776724699,pearson_ADM_PEDM
66,0.799534387,pearson_ADM_PEDM
66,0.7981797433,pearson_ADM_PEDM
66,0.8190245534,pearson_ADM_PEDM
66,0.7724645361,pearson_ADM_PEDM
68,0.7975732934,pearson_ADM_PEDM
68,0.8008351372,pearson_ADM_PEDM
68,0.7828188749,pearson_ADM_PEDM
68,0.7938170203,pearson_ADM_PEDM
68,0.794270712,pearson_ADM_PEDM
68,0.8030890938,pearson_ADM_PEDM
68,0.7914189963,pearson_ADM_PEDM
68,0.7987003782,pearson_ADM_PEDM
68,0.7935132239,pearson_ADM_PEDM
68,0.805437986,pearson_ADM_PEDM
68,0.7898738116,pearson_ADM_PEDM
68,0.8369033806,pearson_ADM_PEDM
68,0.8065514407,pearson_ADM_PEDM
68,0.8204281124,pearson_ADM_PEDM
68,0.8058101613,pearson_ADM_PEDM
70,0.7851120566,pearson_ADM_PEDM
70,0.8044045328,pearson_ADM_PEDM
70,0.8067337365,pearson_ADM_PEDM
70,0.7764720694,pearson_ADM_PEDM
70,0.8160876133,pearson_ADM_PEDM
70,0.7794288155,pearson_ADM_PEDM
70,0.8270436751,pearson_ADM_PEDM
70,0.8001569149,pearson_ADM_PEDM
70,0.7979886231,pearson_ADM_PEDM
70,0.7592147795,pearson_ADM_PEDM
70,0.7992110076,pearson_ADM_PEDM
70,0.8088316927,pearson_ADM_PEDM
70,0.7827666538,pearson_ADM_PEDM
70,0.7928910443,pearson_ADM_PEDM
70,0.7949827584,pearson_ADM_PEDM
72,0.7820487965,pearson_ADM_PEDM
72,0.7837379898,pearson_ADM_PEDM
72,0.8272896667,pearson_ADM_PEDM
72,0.809512417,pearson_ADM_PEDM
72,0.8260567668,pearson_ADM_PEDM
72,0.7882305674,pearson_ADM_PEDM
72,0.7959291141,pearson_ADM_PEDM
72,0.7920740577,pearson_ADM_PEDM
72,0.7738216742,pearson_ADM_PEDM
72,0.7958611503,pearson_ADM_PEDM
72,0.8181144726,pearson_ADM_PEDM
72,0.7897600991,pearson_ADM_PEDM
72,0.8035403521,pearson_ADM_PEDM
72,0.7986804957,pearson_ADM_PEDM
72,0.7996810308,pearson_ADM_PEDM
74,0.7997894718,pearson_ADM_PEDM
74,0.7770021568,pearson_ADM_PEDM
74,0.8158261527,pearson_ADM_PEDM
74,0.7954687012,pearson_ADM_PEDM
74,0.8116133474,pearson_ADM_PEDM
74,0.7838261749,pearson_ADM_PEDM
74,0.8177170587,pearson_ADM_PEDM
74,0.7950631662,pearson_ADM_PEDM
74,0.7864604697,pearson_ADM_PEDM
74,0.7753341674,pearson_ADM_PEDM
74,0.8127632238,pearson_ADM_PEDM
74,0.7982901765,pearson_ADM_PEDM
74,0.8014126777,pearson_ADM_PEDM
74,0.7796999343,pearson_ADM_PEDM
74,0.7891988809,pearson_ADM_PEDM
76,0.8261571924,pearson_ADM_PEDM
76,0.8200457573,pearson_ADM_PEDM
76,0.8196064415,pearson_ADM_PEDM
76,0.7509537612,pearson_ADM_PEDM
76,0.7835672783,pearson_ADM_PEDM
76,0.8043905842,pearson_ADM_PEDM
76,0.7830753939,pearson_ADM_PEDM
76,0.7966551997,pearson_ADM_PEDM
76,0.8141204742,pearson_ADM_PEDM
76,0.8104963368,pearson_ADM_PEDM
76,0.7971087084,pearson_ADM_PEDM
76,0.8077581612,pearson_ADM_PEDM
76,0.7922882589,pearson_ADM_PEDM
76,0.8138651992,pearson_ADM_PEDM
76,0.79932336,pearson_ADM_PEDM
78,0.825518204,pearson_ADM_PEDM
78,0.7983541194,pearson_ADM_PEDM
78,0.8161812434,pearson_ADM_PEDM
78,0.8149317216,pearson_ADM_PEDM
78,0.8069230355,pearson_ADM_PEDM
78,0.8033768849,pearson_ADM_PEDM
78,0.8154709674,pearson_ADM_PEDM
78,0.808045739,pearson_ADM_PEDM
78,0.807928401,pearson_ADM_PEDM
78,0.8051350735,pearson_ADM_PEDM
78,0.7973136213,pearson_ADM_PEDM
78,0.814056322,pearson_ADM_PEDM
78,0.8020534862,pearson_ADM_PEDM
78,0.8226702562,pearson_ADM_PEDM
78,0.8120555427,pearson_ADM_PEDM
6,0.6768569013,pearson_ADM_PEDM
6,0.757456426,pearson_ADM_PEDM
6,0.7536012984,pearson_ADM_PEDM
6,0.6948443749,pearson_ADM_PEDM
6,0.6481834579,pearson_ADM_PEDM
6,0.7457923091,pearson_ADM_PEDM
6,0.7057902318,pearson_ADM_PEDM
6,0.6216150943,pearson_ADM_PEDM
6,0.7710460848,pearson_ADM_PEDM
6,0.6316178697,pearson_ADM_PEDM
6,0.7369013622,pearson_ADM_PEDM
6,0.6833673787,pearson_ADM_PEDM
6,0.6848033265,pearson_ADM_PEDM
6,0.7652430459,pearson_ADM_PEDM
6,0.7062730645,pearson_ADM_PEDM
80,0.788270441,pearson_ADM_PEDM
80,0.7908529545,pearson_ADM_PEDM
80,0.8177704451,pearson_ADM_PEDM
80,0.7720919891,pearson_ADM_PEDM
80,0.7948269288,pearson_ADM_PEDM
80,0.8155915388,pearson_ADM_PEDM
80,0.8018920988,pearson_ADM_PEDM
80,0.7977680016,pearson_ADM_PEDM
80,0.7917621218,pearson_ADM_PEDM
80,0.7921253891,pearson_ADM_PEDM
80,0.7992147376,pearson_ADM_PEDM
80,0.8133289104,pearson_ADM_PEDM
80,0.8188498514,pearson_ADM_PEDM
80,0.8112359527,pearson_ADM_PEDM
80,0.8298218385,pearson_ADM_PEDM
82,0.8178102147,pearson_ADM_PEDM
82,0.8208173009,pearson_ADM_PEDM
82,0.8011775265,pearson_ADM_PEDM
82,0.7641596307,pearson_ADM_PEDM
82,0.8079619963,pearson_ADM_PEDM
82,0.8092287029,pearson_ADM_PEDM
82,0.8058411141,pearson_ADM_PEDM
82,0.8026112543,pearson_ADM_PEDM
82,0.8235027325,pearson_ADM_PEDM
82,0.7868519497,pearson_ADM_PEDM
82,0.8047215046,pearson_ADM_PEDM
82,0.7675848509,pearson_ADM_PEDM
82,0.76839324,pearson_ADM_PEDM
82,0.823616206,pearson_ADM_PEDM
82,0.7923613923,pearson_ADM_PEDM
84,0.8053235049,pearson_ADM_PEDM
84,0.820849934,pearson_ADM_PEDM
84,0.78460568,pearson_ADM_PEDM
84,0.8127359935,pearson_ADM_PEDM
84,0.7990436609,pearson_ADM_PEDM
84,0.7965739223,pearson_ADM_PEDM
84,0.8017789741,pearson_ADM_PEDM
84,0.7792293847,pearson_ADM_PEDM
84,0.788331676,pearson_ADM_PEDM
84,0.7958387466,pearson_ADM_PEDM
84,0.8055479422,pearson_ADM_PEDM
84,0.8155300671,pearson_ADM_PEDM
84,0.7939077816,pearson_ADM_PEDM
84,0.8029570572,pearson_ADM_PEDM
84,0.8054427134,pearson_ADM_PEDM
86,0.7982058903,pearson_ADM_PEDM
86,0.8185065397,pearson_ADM_PEDM
86,0.8054783431,pearson_ADM_PEDM
86,0.7933910517,pearson_ADM_PEDM
86,0.8084302125,pearson_ADM_PEDM
86,0.8189021404,pearson_ADM_PEDM
86,0.7644176019,pearson_ADM_PEDM
86,0.7986887437,pearson_ADM_PEDM
86,0.764773154,pearson_ADM_PEDM
86,0.7830951495,pearson_ADM_PEDM
86,0.823635287,pearson_ADM_PEDM
86,0.8227796455,pearson_ADM_PEDM
86,0.7969850043,pearson_ADM_PEDM
86,0.8097829403,pearson_ADM_PEDM
86,0.781446554,pearson_ADM_PEDM
88,0.8068049296,pearson_ADM_PEDM
88,0.7985818404,pearson_ADM_PEDM
88,0.8023119589,pearson_ADM_PEDM
88,0.7984545846,pearson_ADM_PEDM
88,0.785998153,pearson_ADM_PEDM
88,0.814072333,pearson_ADM_PEDM
88,0.8098725107,pearson_ADM_PEDM
88,0.8122159973,pearson_ADM_PEDM
88,0.8042184614,pearson_ADM_PEDM
88,0.8198730443,pearson_ADM_PEDM
88,0.8028181756,pearson_ADM_PEDM
88,0.814342189,pearson_ADM_PEDM
88,0.7973183958,pearson_ADM_PEDM
88,0.8262679585,pearson_ADM_PEDM
88,0.809233673,pearson_ADM_PEDM
90,0.8075274797,pearson_ADM_PEDM
90,0.8017983876,pearson_ADM_PEDM
90,0.8043427235,pearson_ADM_PEDM
90,0.800192184,pearson_ADM_PEDM
90,0.8069247421,pearson_ADM_PEDM
90,0.7889908904,pearson_ADM_PEDM
90,0.8140329873,pearson_ADM_PEDM
90,0.8205079849,pearson_ADM_PEDM
90,0.7856421629,pearson_ADM_PEDM
90,0.8115409902,pearson_ADM_PEDM
90,0.823106561,pearson_ADM_PEDM
90,0.8000137636,pearson_ADM_PEDM
90,0.8095894634,pearson_ADM_PEDM
90,0.8021193527,pearson_ADM_PEDM
90,0.8060324001,pearson_ADM_PEDM
92,0.8223826791,pearson_ADM_PEDM
92,0.8063788055,pearson_ADM_PEDM
92,0.8151922425,pearson_ADM_PEDM
92,0.8059065742,pearson_ADM_PEDM
92,0.7738820136,pearson_ADM_PEDM
92,0.8234302188,pearson_ADM_PEDM
92,0.8125421068,pearson_ADM_PEDM
92,0.8058162435,pearson_ADM_PEDM
92,0.7852995728,pearson_ADM_PEDM
92,0.8149676449,pearson_ADM_PEDM
92,0.7956081681,pearson_ADM_PEDM
92,0.8012915822,pearson_ADM_PEDM
92,0.7981156694,pearson_ADM_PEDM
92,0.8125035385,pearson_ADM_PEDM
92,0.7867683122,pearson_ADM_PEDM
94,0.8238283084,pearson_ADM_PEDM
94,0.7865191759,pearson_ADM_PEDM
94,0.7976355229,pearson_ADM_PEDM
94,0.8189570005,pearson_ADM_PEDM
94,0.8125044888,pearson_ADM_PEDM
94,0.8052858783,pearson_ADM_PEDM
94,0.8070943057,pearson_ADM_PEDM
94,0.8231341873,pearson_ADM_PEDM
94,0.8103397759,pearson_ADM_PEDM
94,0.8129766537,pearson_ADM_PEDM
94,0.8158295422,pearson_ADM_PEDM
94,0.8097519033,pearson_ADM_PEDM
94,0.8213157414,pearson_ADM_PEDM
94,0.8066909954,pearson_ADM_PEDM
94,0.7729491642,pearson_ADM_PEDM
96,0.8033435202,pearson_ADM_PEDM
96,0.8001215199,pearson_ADM_PEDM
96,0.8077064283,pearson_ADM_PEDM
96,0.7863950502,pearson_ADM_PEDM
96,0.8027687289,pearson_ADM_PEDM
96,0.7927254022,pearson_ADM_PEDM
96,0.7875739535,pearson_ADM_PEDM
96,0.8214804898,pearson_ADM_PEDM
96,0.8204609287,pearson_ADM_PEDM
96,0.8122875678,pearson_ADM_PEDM
96,0.7816877287,pearson_ADM_PEDM
96,0.798958835,pearson_ADM_PEDM
96,0.825433474,pearson_ADM_PEDM
96,0.7963603153,pearson_ADM_PEDM
96,0.8238823398,pearson_ADM_PEDM
98,0.7929843247,pearson_ADM_PEDM
98,0.7900644739,pearson_ADM_PEDM
98,0.8169439961,pearson_ADM_PEDM
98,0.8029811737,pearson_ADM_PEDM
98,0.7870346798,pearson_ADM_PEDM
98,0.8247358308,pearson_ADM_PEDM
98,0.8143323695,pearson_ADM_PEDM
98,0.7977473956,pearson_ADM_PEDM
98,0.7837646629,pearson_ADM_PEDM
98,0.8084261284,pearson_ADM_PEDM
98,0.8036329979,pearson_ADM_PEDM
98,0.8017437706,pearson_ADM_PEDM
98,0.8146561186,pearson_ADM_PEDM
98,0.8198453952,pearson_ADM_PEDM
98,0.8081835255,pearson_ADM_PEDM
8,0.7141132592,pearson_ADM_PEDM
8,0.6304824557,pearson_ADM_PEDM
8,0.6845658712,pearson_ADM_PEDM
8,0.6838009925,pearson_ADM_PEDM
8,0.6910201865,pearson_ADM_PEDM
8,0.7537427841,pearson_ADM_PEDM
8,0.7975349876,pearson_ADM_PEDM
8,0.7022640448,pearson_ADM_PEDM
8,0.7364445757,pearson_ADM_PEDM
8,0.7390870105,pearson_ADM_PEDM
8,0.722261991,pearson_ADM_PEDM
8,0.7212480557,pearson_ADM_PEDM
8,0.7376280541,pearson_ADM_PEDM
8,0.7164161393,pearson_ADM_PEDM
8,0.7211170763,pearson_ADM_PEDM
100,0.8350728224,pearson_ADM_PEDM
100,0.8178546874,pearson_ADM_PEDM
100,0.8003017658,pearson_ADM_PEDM
100,0.8004404081,pearson_ADM_PEDM
100,0.8056093901,pearson_ADM_PEDM
100,0.7981098283,pearson_ADM_PEDM
100,0.7974733424,pearson_ADM_PEDM
100,0.7882599096,pearson_ADM_PEDM
100,0.8207496033,pearson_ADM_PEDM
100,0.8129906488,pearson_ADM_PEDM
100,0.7996570313,pearson_ADM_PEDM
100,0.8229429231,pearson_ADM_PEDM
100,0.8032579264,pearson_ADM_PEDM
100,0.8132293515,pearson_ADM_PEDM
100,0.7897362982,pearson_ADM_PEDM
10,0.7801354064,pearson_ADM_PEDM
10,0.7134124251,pearson_ADM_PEDM
10,0.7512107245,pearson_ADM_PEDM
10,0.6881357825,pearson_ADM_PEDM
10,0.6564453,pearson_ADM_PEDM
10,0.7650243398,pearson_ADM_PEDM
10,0.7534010499,pearson_ADM_PEDM
10,0.6805912544,pearson_ADM_PEDM
10,0.7642920533,pearson_ADM_PEDM
10,0.7239782435,pearson_ADM_PEDM
10,0.7102704854,pearson_ADM_PEDM
10,0.7178764225,pearson_ADM_PEDM
10,0.6466339025,pearson_ADM_PEDM
10,0.7449956499,pearson_ADM_PEDM
10,0.7543726324,pearson_ADM_PEDM
12,0.7092264506,pearson_ADM_PEDM
12,0.7235014826,pearson_ADM_PEDM
12,0.7218742166,pearson_ADM_PEDM
12,0.6983217581,pearson_ADM_PEDM
12,0.7901459782,pearson_ADM_PEDM
12,0.8053941614,pearson_ADM_PEDM
12,0.7785993973,pearson_ADM_PEDM
12,0.8088474087,pearson_ADM_PEDM
12,0.7453358848,pearson_ADM_PEDM
12,0.6956789965,pearson_ADM_PEDM
12,0.7371372064,pearson_ADM_PEDM
12,0.6985566187,pearson_ADM_PEDM
12,0.754388158,pearson_ADM_PEDM
12,0.7424822025,pearson_ADM_PEDM
12,0.7743037059,pearson_ADM_PEDM
14,0.8029526542,pearson_ADM_PEDM
14,0.6866230859,pearson_ADM_PEDM
14,0.7655586022,pearson_ADM_PEDM
14,0.717924381,pearson_ADM_PEDM
14,0.7150620436,pearson_ADM_PEDM
14,0.7494380007,pearson_ADM_PEDM
14,0.6361516786,pearson_ADM_PEDM
14,0.7731006549,pearson_ADM_PEDM
14,0.8002179871,pearson_ADM_PEDM
14,0.6958747196,pearson_ADM_PEDM
14,0.7612982049,pearson_ADM_PEDM
14,0.6623221809,pearson_ADM_PEDM
14,0.7029614116,pearson_ADM_PEDM
14,0.7427683595,pearson_ADM_PEDM
14,0.7449474544,pearson_ADM_PEDM
16,0.7570811243,pearson_ADM_PEDM
16,0.725765877,pearson_ADM_PEDM
16,0.7290263456,pearson_ADM_PEDM
16,0.7570483865,pearson_ADM_PEDM
16,0.7898295403,pearson_ADM_PEDM
16,0.7670847994,pearson_ADM_PEDM
16,0.7333321963,pearson_ADM_PEDM
16,0.7656795713,pearson_ADM_PEDM
16,0.7459250929,pearson_ADM_PEDM
16,0.801380193,pearson_ADM_PEDM
16,0.6827617776,pearson_ADM_PEDM
16,0.7622136736,pearson_ADM_PEDM
16,0.7693369363,pearson_ADM_PEDM
16,0.7458800555,pearson_ADM_PEDM
16,0.7785400883,pearson_ADM_PEDM
18,0.7468774545,pearson_ADM_PEDM
18,0.7556467895,pearson_ADM_PEDM
18,0.8017563568,pearson_ADM_PEDM
18,0.7163357349,pearson_ADM_PEDM
18,0.7542663279,pearson_ADM_PEDM
18,0.7833104527,pearson_ADM_PEDM
18,0.7175841731,pearson_ADM_PEDM
18,0.7863028745,pearson_ADM_PEDM
18,0.7536080022,pearson_ADM_PEDM
18,0.7866818236,pearson_ADM_PEDM
18,0.6942296687,pearson_ADM_PEDM
18,0.7463677819,pearson_ADM_PEDM
18,0.7874692599,pearson_ADM_PEDM
18,0.7579987591,pearson_ADM_PEDM
18,0.7298276568,pearson_ADM_PEDM
20,0.7289782426,pearson_ADM_FEDM
20,0.7420954018,pearson_ADM_FEDM
20,0.7493230375,pearson_ADM_FEDM
20,0.7424328155,pearson_ADM_FEDM
20,0.7399387099,pearson_ADM_FEDM
20,0.7502164581,pearson_ADM_FEDM
20,0.739411817,pearson_ADM_FEDM
20,0.7379835762,pearson_ADM_FEDM
20,0.7375358815,pearson_ADM_FEDM
20,0.7497860197,pearson_ADM_FEDM
20,0.743012684,pearson_ADM_FEDM
20,0.7444086433,pearson_ADM_FEDM
20,0.7481861386,pearson_ADM_FEDM
20,0.7548998669,pearson_ADM_FEDM
20,0.7450265731,pearson_ADM_FEDM
22,0.7439039438,pearson_ADM_FEDM
22,0.7463769191,pearson_ADM_FEDM
22,0.7591141009,pearson_ADM_FEDM
22,0.7460045525,pearson_ADM_FEDM
22,0.7493830672,pearson_ADM_FEDM
22,0.7366033242,pearson_ADM_FEDM
22,0.747351455,pearson_ADM_FEDM
22,0.7514200609,pearson_ADM_FEDM
22,0.7463200435,pearson_ADM_FEDM
22,0.7452577143,pearson_ADM_FEDM
22,0.7395452646,pearson_ADM_FEDM
22,0.7619157659,pearson_ADM_FEDM
22,0.7522347219,pearson_ADM_FEDM
22,0.7564995272,pearson_ADM_FEDM
22,0.746527586,pearson_ADM_FEDM
24,0.7517862956,pearson_ADM_FEDM
24,0.7380326645,pearson_ADM_FEDM
24,0.7539919196,pearson_ADM_FEDM
24,0.7621594881,pearson_ADM_FEDM
24,0.7567213735,pearson_ADM_FEDM
24,0.7447010303,pearson_ADM_FEDM
24,0.7466649502,pearson_ADM_FEDM
24,0.7545711802,pearson_ADM_FEDM
24,0.7488416507,pearson_ADM_FEDM
24,0.7598087682,pearson_ADM_FEDM
24,0.7494190154,pearson_ADM_FEDM
24,0.7482853196,pearson_ADM_FEDM
24,0.7506816349,pearson_ADM_FEDM
24,0.7477553762,pearson_ADM_FEDM
24,0.7458487202,pearson_ADM_FEDM
26,0.746296254,pearson_ADM_FEDM
26,0.7474520035,pearson_ADM_FEDM
26,0.7514195713,pearson_ADM_FEDM
26,0.7389687675,pearson_ADM_FEDM
26,0.7592296124,pearson_ADM_FEDM
26,0.7545839975,pearson_ADM_FEDM
26,0.7451938198,pearson_ADM_FEDM
26,0.7462326804,pearson_ADM_FEDM
26,0.7527522117,pearson_ADM_FEDM
26,0.7628423616,pearson_ADM_FEDM
26,0.7548104536,pearson_ADM_FEDM
26,0.759993605,pearson_ADM_FEDM
26,0.7534212547,pearson_ADM_FEDM
26,0.7512299453,pearson_ADM_FEDM
26,0.7528461137,pearson_ADM_FEDM
28,0.7623687151,pearson_ADM_FEDM
28,0.76054013,pearson_ADM_FEDM
28,0.7550205429,pearson_ADM_FEDM
28,0.7534034641,pearson_ADM_FEDM
28,0.7552017008,pearson_ADM_FEDM
28,0.744392257,pearson_ADM_FEDM
28,0.7594925882,pearson_ADM_FEDM
28,0.7476949386,pearson_ADM_FEDM
28,0.7611469004,pearson_ADM_FEDM
28,0.7465645821,pearson_ADM_FEDM
28,0.745718283,pearson_ADM_FEDM
28,0.7523842845,pearson_ADM_FEDM
28,0.756526993,pearson_ADM_FEDM
28,0.7546754065,pearson_ADM_FEDM
28,0.7494073491,pearson_ADM_FEDM
30,0.7633518051,pearson_ADM_FEDM
30,0.749135612,pearson_ADM_FEDM
30,0.7616571949,pearson_ADM_FEDM
30,0.7554034708,pearson_ADM_FEDM
30,0.7554526651,pearson_ADM_FEDM
30,0.7572871381,pearson_ADM_FEDM
30,0.7465370224,pearson_ADM_FEDM
30,0.7545029629,pearson_ADM_FEDM
30,0.7545955144,pearson_ADM_FEDM
30,0.7512835317,pearson_ADM_FEDM
30,0.7446907243,pearson_ADM_FEDM
30,0.7608986415,pearson_ADM_FEDM
30,0.7658490754,pearson_ADM_FEDM
30,0.7553288933,pearson_ADM_FEDM
30,0.7574934679,pearson_ADM_FEDM
32,0.7713306745,pearson_ADM_FEDM
32,0.7527481085,pearson_ADM_FEDM
32,0.7598198186,pearson_ADM_FEDM
32,0.7521145949,pearson_ADM_FEDM
32,0.7577543665,pearson_ADM_FEDM
32,0.7533138633,pearson_ADM_FEDM
32,0.7553233952,pearson_ADM_FEDM
32,0.758256103,pearson_ADM_FEDM
32,0.7494211686,pearson_ADM_FEDM
32,0.7517812344,pearson_ADM_FEDM
32,0.7548095119,pearson_ADM_FEDM
32,0.7565122814,pearson_ADM_FEDM
32,0.7557297032,pearson_ADM_FEDM
32,0.7497038931,pearson_ADM_FEDM
32,0.7583332106,pearson_ADM_FEDM
34,0.7679986063,pearson_ADM_FEDM
34,0.7465829387,pearson_ADM_FEDM
34,0.7475298132,pearson_ADM_FEDM
34,0.757751071,pearson_ADM_FEDM
34,0.7505256248,pearson_ADM_FEDM
34,0.7514595357,pearson_ADM_FEDM
34,0.759910426,pearson_ADM_FEDM
34,0.7641347711,pearson_ADM_FEDM
34,0.7534639721,pearson_ADM_FEDM
34,0.7532023093,pearson_ADM_FEDM
34,0.7593601557,pearson_ADM_FEDM
34,0.7463139339,pearson_ADM_FEDM
34,0.7586725382,pearson_ADM_FEDM
34,0.7564423625,pearson_ADM_FEDM
34,0.7582524937,pearson_ADM_FEDM
36,0.7636717623,pearson_ADM_FEDM
36,0.7465160651,pearson_ADM_FEDM
36,0.77392899,pearson_ADM_FEDM
36,0.7623960139,pearson_ADM_FEDM
36,0.7649207057,pearson_ADM_FEDM
36,0.761068077,pearson_ADM_FEDM
36,0.7598681708,pearson_ADM_FEDM
36,0.7593738594,pearson_ADM_FEDM
36,0.7617847288,pearson_ADM_FEDM
36,0.7740440424,pearson_ADM_FEDM
36,0.7667244918,pearson_ADM_FEDM
36,0.7566070982,pearson_ADM_FEDM
36,0.7745254112,pearson_ADM_FEDM
36,0.7536220302,pearson_ADM_FEDM
36,0.767701927,pearson_ADM_FEDM
38,0.7614321148,pearson_ADM_FEDM
38,0.7672200541,pearson_ADM_FEDM
38,0.7582352312,pearson_ADM_FEDM
38,0.7582331631,pearson_ADM_FEDM
38,0.7564358849,pearson_ADM_FEDM
38,0.7611074345,pearson_ADM_FEDM
38,0.7672919004,pearson_ADM_FEDM
38,0.7561208999,pearson_ADM_FEDM
38,0.7688004365,pearson_ADM_FEDM
38,0.7561542275,pearson_ADM_FEDM
38,0.7682450053,pearson_ADM_FEDM
38,0.7630283542,pearson_ADM_FEDM
38,0.7545025828,pearson_ADM_FEDM
38,0.7648942402,pearson_ADM_FEDM
38,0.7589211707,pearson_ADM_FEDM
40,0.7693578841,pearson_ADM_FEDM
40,0.7715332542,pearson_ADM_FEDM
40,0.760017628,pearson_ADM_FEDM
40,0.7684608262,pearson_ADM_FEDM
40,0.765883031,pearson_ADM_FEDM
40,0.7566117227,pearson_ADM_FEDM
40,0.7640206462,pearson_ADM_FEDM
40,0.7631766239,pearson_ADM_FEDM
40,0.7573308195,pearson_ADM_FEDM
40,0.7559192616,pearson_ADM_FEDM
40,0.7630800401,pearson_ADM_FEDM
40,0.7571724786,pearson_ADM_FEDM
40,0.7581002619,pearson_ADM_FEDM
40,0.7624858978,pearson_ADM_FEDM
40,0.7679058798,pearson_ADM_FEDM
42,0.7654504934,pearson_ADM_FEDM
42,0.7636993068,pearson_ADM_FEDM
42,0.7466024267,pearson_ADM_FEDM
42,0.7562568811,pearson_ADM_FEDM
42,0.7670595829,pearson_ADM_FEDM
42,0.7654767578,pearson_ADM_FEDM
42,0.7671033607,pearson_ADM_FEDM
42,0.7676581465,pearson_ADM_FEDM
42,0.7684353602,pearson_ADM_FEDM
42,0.7740932056,pearson_ADM_FEDM
42,0.7651250022,pearson_ADM_FEDM
42,0.7664140405,pearson_ADM_FEDM
42,0.7695769823,pearson_ADM_FEDM
42,0.7691064051,pearson_ADM_FEDM
42,0.7624375914,pearson_ADM_FEDM
44,0.7720755157,pearson_ADM_FEDM
44,0.7724478377,pearson_ADM_FEDM
44,0.77039326,pearson_ADM_FEDM
44,0.7659997428,pearson_ADM_FEDM
44,0.7698220142,pearson_ADM_FEDM
44,0.763677473,pearson_ADM_FEDM
44,0.7644861341,pearson_ADM_FEDM
44,0.7552781169,pearson_ADM_FEDM
44,0.7667695864,pearson_ADM_FEDM
44,0.763829131,pearson_ADM_FEDM
44,0.7622677238,pearson_ADM_FEDM
44,0.7625252252,pearson_ADM_FEDM
44,0.7592148061,pearson_ADM_FEDM
44,0.761303083,pearson_ADM_FEDM
44,0.7648715994,pearson_ADM_FEDM
46,0.7714281275,pearson_ADM_FEDM
46,0.7611295912,pearson_ADM_FEDM
46,0.7761394954,pearson_ADM_FEDM
46,0.7700589552,pearson_ADM_FEDM
46,0.7720634403,pearson_ADM_FEDM
46,0.7702255471,pearson_ADM_FEDM
46,0.7720882055,pearson_ADM_FEDM
46,0.7613095507,pearson_ADM_FEDM
46,0.7674168911,pearson_ADM_FEDM
46,0.7693708138,pearson_ADM_FEDM
46,0.7644929592,pearson_ADM_FEDM
46,0.7665522039,pearson_ADM_FEDM
46,0.7660571427,pearson_ADM_FEDM
46,0.7711770057,pearson_ADM_FEDM
46,0.7647988272,pearson_ADM_FEDM
48,0.7658388376,pearson_ADM_FEDM
48,0.7738202342,pearson_ADM_FEDM
48,0.7743107658,pearson_ADM_FEDM
48,0.7776733716,pearson_ADM_FEDM
48,0.7815592711,pearson_ADM_FEDM
48,0.772792861,pearson_ADM_FEDM
48,0.765604396,pearson_ADM_FEDM
48,0.7697201332,pearson_ADM_FEDM
48,0.7596664258,pearson_ADM_FEDM
48,0.7688810071,pearson_ADM_FEDM
48,0.7779096791,pearson_ADM_FEDM
48,0.7678217052,pearson_ADM_FEDM
48,0.7661511375,pearson_ADM_FEDM
48,0.7653633813,pearson_ADM_FEDM
48,0.7843619659,pearson_ADM_FEDM
50,0.7672740314,pearson_ADM_FEDM
50,0.7700811264,pearson_ADM_FEDM
50,0.7688469884,pearson_ADM_FEDM
50,0.7815765366,pearson_ADM_FEDM
50,0.7682307506,pearson_ADM_FEDM
50,0.7722290718,pearson_ADM_FEDM
50,0.7724716252,pearson_ADM_FEDM
50,0.7711122128,pearson_ADM_FEDM
50,0.7709608992,pearson_ADM_FEDM
50,0.7636372372,pearson_ADM_FEDM
50,0.7644324558,pearson_ADM_FEDM
50,0.7789345779,pearson_ADM_FEDM
50,0.7747306531,pearson_ADM_FEDM
50,0.7801384471,pearson_ADM_FEDM
50,0.7780293983,pearson_ADM_FEDM
52,0.7768741784,pearson_ADM_FEDM
52,0.7667371406,pearson_ADM_FEDM
52,0.775959798,pearson_ADM_FEDM
52,0.7701929081,pearson_ADM_FEDM
52,0.7676475356,pearson_ADM_FEDM
52,0.7733313585,pearson_ADM_FEDM
52,0.768544873,pearson_ADM_FEDM
52,0.7790635635,pearson_ADM_FEDM
52,0.7690933196,pearson_ADM_FEDM
52,0.7791431165,pearson_ADM_FEDM
52,0.7761444172,pearson_ADM_FEDM
52,0.7718302047,pearson_ADM_FEDM
52,0.769489362,pearson_ADM_FEDM
52,0.780286463,pearson_ADM_FEDM
52,0.7692287148,pearson_ADM_FEDM
54,0.770163797,pearson_ADM_FEDM
54,0.7685857046,pearson_ADM_FEDM
54,0.7734109551,pearson_ADM_FEDM
54,0.7815072659,pearson_ADM_FEDM
54,0.7787918285,pearson_ADM_FEDM
54,0.7708339307,pearson_ADM_FEDM
54,0.7739671354,pearson_ADM_FEDM
54,0.7842893125,pearson_ADM_FEDM
54,0.7786064171,pearson_ADM_FEDM
54,0.7696475704,pearson_ADM_FEDM
54,0.7686941327,pearson_ADM_FEDM
54,0.7672099729,pearson_ADM_FEDM
54,0.7736837284,pearson_ADM_FEDM
54,0.7723691005,pearson_ADM_FEDM
54,0.7708903351,pearson_ADM_FEDM
56,0.7739734854,pearson_ADM_FEDM
56,0.7612102017,pearson_ADM_FEDM
56,0.7700670787,pearson_ADM_FEDM
56,0.777908629,pearson_ADM_FEDM
56,0.7761697283,pearson_ADM_FEDM
56,0.772235844,pearson_ADM_FEDM
56,0.7779195089,pearson_ADM_FEDM
56,0.7696256455,pearson_ADM_FEDM
56,0.7806304604,pearson_ADM_FEDM
56,0.7792072757,pearson_ADM_FEDM
56,0.7793515202,pearson_ADM_FEDM
56,0.7749188881,pearson_ADM_FEDM
56,0.7772212345,pearson_ADM_FEDM
56,0.7784403766,pearson_ADM_FEDM
56,0.7713311761,pearson_ADM_FEDM
58,0.785558488,pearson_ADM_FEDM
58,0.7731193601,pearson_ADM_FEDM
58,0.7678166936,pearson_ADM_FEDM
58,0.779356324,pearson_ADM_FEDM
58,0.7797214022,pearson_ADM_FEDM
58,0.7795305018,pearson_ADM_FEDM
58,0.7726873927,pearson_ADM_FEDM
58,0.7836262477,pearson_ADM_FEDM
58,0.7668575165,pearson_ADM_FEDM
58,0.7745867306,pearson_ADM_FEDM
58,0.7713138388,pearson_ADM_FEDM
58,0.7762502808,pearson_ADM_FEDM
58,0.7758439847,pearson_ADM_FEDM
58,0.7814635118,pearson_ADM_FEDM
58,0.7771609017,pearson_ADM_FEDM
4,0.620929643,pearson_ADM_FEDM
4,0.6310150359,pearson_ADM_FEDM
4,0.6195502369,pearson_ADM_FEDM
4,0.621578334,pearson_ADM_FEDM
4,0.6173640943,pearson_ADM_FEDM
4,0.6164481283,pearson_ADM_FEDM
4,0.6183917885,pearson_ADM_FEDM
4,0.6211743105,pearson_ADM_FEDM
4,0.6171188887,pearson_ADM_FEDM
4,0.6219203562,pearson_ADM_FEDM
4,0.6163826083,pearson_ADM_FEDM
4,0.6187026199,pearson_ADM_FEDM
4,0.6121725753,pearson_ADM_FEDM
4,0.631091809,pearson_ADM_FEDM
4,0.6162609366,pearson_ADM_FEDM
60,0.7738429417,pearson_ADM_FEDM
60,0.775630159,pearson_ADM_FEDM
60,0.7675256763,pearson_ADM_FEDM
60,0.7715749129,pearson_ADM_FEDM
60,0.7799850118,pearson_ADM_FEDM
60,0.7755259128,pearson_ADM_FEDM
60,0.7839875448,pearson_ADM_FEDM
60,0.7777728089,pearson_ADM_FEDM
60,0.773548486,pearson_ADM_FEDM
60,0.7827185859,pearson_ADM_FEDM
60,0.7827949187,pearson_ADM_FEDM
60,0.7813007864,pearson_ADM_FEDM
60,0.7819093306,pearson_ADM_FEDM
60,0.7790471752,pearson_ADM_FEDM
60,0.7811422436,pearson_ADM_FEDM
62,0.7755399794,pearson_ADM_FEDM
62,0.7879422432,pearson_ADM_FEDM
62,0.7707052151,pearson_ADM_FEDM
62,0.7773590459,pearson_ADM_FEDM
62,0.7717292984,pearson_ADM_FEDM
62,0.7869798792,pearson_ADM_FEDM
62,0.7775124646,pearson_ADM_FEDM
62,0.7872738681,pearson_ADM_FEDM
62,0.776965584,pearson_ADM_FEDM
62,0.7855874097,pearson_ADM_FEDM
62,0.7814272879,pearson_ADM_FEDM
62,0.7760764652,pearson_ADM_FEDM
62,0.7806203752,pearson_ADM_FEDM
62,0.7728927472,pearson_ADM_FEDM
62,0.7806738607,pearson_ADM_FEDM
64,0.7764853927,pearson_ADM_FEDM
64,0.7802602418,pearson_ADM_FEDM
64,0.7875984644,pearson_ADM_FEDM
64,0.783901853,pearson_ADM_FEDM
64,0.7746116581,pearson_ADM_FEDM
64,0.7710101816,pearson_ADM_FEDM
64,0.7740936473,pearson_ADM_FEDM
64,0.7770908313,pearson_ADM_FEDM
64,0.7794256111,pearson_ADM_FEDM
64,0.7803630179,pearson_ADM_FEDM
64,0.7766817949,pearson_ADM_FEDM
64,0.7825548049,pearson_ADM_FEDM
64,0.7839507741,pearson_ADM_FEDM
64,0.7750609156,pearson_ADM_FEDM
64,0.7668584588,pearson_ADM_FEDM
66,0.7877842686,pearson_ADM_FEDM
66,0.7822724004,pearson_ADM_FEDM
66,0.7803673338,pearson_ADM_FEDM
66,0.7772569212,pearson_ADM_FEDM
66,0.7831562502,pearson_ADM_FEDM
66,0.7781763439,pearson_ADM_FEDM
66,0.7889147304,pearson_ADM_FEDM
66,0.7885283908,pearson_ADM_FEDM
66,0.7810121567,pearson_ADM_FEDM
66,0.7839577758,pearson_ADM_FEDM
66,0.7808968546,pearson_ADM_FEDM
66,0.7755362055,pearson_ADM_FEDM
66,0.7744395158,pearson_ADM_FEDM
66,0.7821815945,pearson_ADM_FEDM
66,0.7695216983,pearson_ADM_FEDM
68,0.7821504834,pearson_ADM_FEDM
68,0.7741974337,pearson_ADM_FEDM
68,0.7855806522,pearson_ADM_FEDM
68,0.7903604499,pearson_ADM_FEDM
68,0.7717460049,pearson_ADM_FEDM
68,0.7730396097,pearson_ADM_FEDM
68,0.7793664317,pearson_ADM_FEDM
68,0.7748804545,pearson_ADM_FEDM
68,0.7741910862,pearson_ADM_FEDM
68,0.7724009227,pearson_ADM_FEDM
68,0.7762313298,pearson_ADM_FEDM
68,0.7840846211,pearson_ADM_FEDM
68,0.7836681492,pearson_ADM_FEDM
68,0.7736166828,pearson_ADM_FEDM
68,0.7823680154,pearson_ADM_FEDM
70,0.7928185853,pearson_ADM_FEDM
70,0.7815247859,pearson_ADM_FEDM
70,0.7883695201,pearson_ADM_FEDM
70,0.7918485318,pearson_ADM_FEDM
70,0.7806336507,pearson_ADM_FEDM
70,0.7811383328,pearson_ADM_FEDM
70,0.7762944925,pearson_ADM_FEDM
70,0.7828089533,pearson_ADM_FEDM
70,0.7853971823,pearson_ADM_FEDM
70,0.7816937245,pearson_ADM_FEDM
70,0.7851993009,pearson_ADM_FEDM
70,0.7857632281,pearson_ADM_FEDM
70,0.7870254664,pearson_ADM_FEDM
70,0.7816359971,pearson_ADM_FEDM
70,0.7855318394,pearson_ADM_FEDM
72,0.7870766096,pearson_ADM_FEDM
72,0.7772057672,pearson_ADM_FEDM
72,0.790235925,pearson_ADM_FEDM
72,0.7839623357,pearson_ADM_FEDM
72,0.7830263047,pearson_ADM_FEDM
72,0.7767506574,pearson_ADM_FEDM
72,0.7802738065,pearson_ADM_FEDM
72,0.7790404817,pearson_ADM_FEDM
72,0.7859278764,pearson_ADM_FEDM
72,0.7795456885,pearson_ADM_FEDM
72,0.7850102441,pearson_ADM_FEDM
72,0.77383462,pearson_ADM_FEDM
72,0.7821408127,pearson_ADM_FEDM
72,0.7843723061,pearson_ADM_FEDM
72,0.7756863367,pearson_ADM_FEDM
74,0.7867946432,pearson_ADM_FEDM
74,0.7881623712,pearson_ADM_FEDM
74,0.7735818903,pearson_ADM_FEDM
74,0.7853136517,pearson_ADM_FEDM
74,0.7819201593,pearson_ADM_FEDM
74,0.774579017,pearson_ADM_FEDM
74,0.7769780378,pearson_ADM_FEDM
74,0.7840799846,pearson_ADM_FEDM
74,0.7874923487,pearson_ADM_FEDM
74,0.7789142794,pearson_ADM_FEDM
74,0.7888068822,pearson_ADM_FEDM
74,0.7827106065,pearson_ADM_FEDM
74,0.7798382779,pearson_ADM_FEDM
74,0.7846998974,pearson_ADM_FEDM
74,0.7879626298,pearson_ADM_FEDM
76,0.77822167,pearson_ADM_FEDM
76,0.7856712795,pearson_ADM_FEDM
76,0.7819336769,pearson_ADM_FEDM
76,0.7817924715,pearson_ADM_FEDM
76,0.7761993035,pearson_ADM_FEDM
76,0.7909244327,pearson_ADM_FEDM
76,0.7896241423,pearson_ADM_FEDM
76,0.7817479123,pearson_ADM_FEDM
76,0.7817496139,pearson_ADM_FEDM
76,0.7722666697,pearson_ADM_FEDM
76,0.7754559292,pearson_ADM_FEDM
76,0.7810794763,pearson_ADM_FEDM
76,0.7873819168,pearson_ADM_FEDM
76,0.7680251125,pearson_ADM_FEDM
76,0.7818250187,pearson_ADM_FEDM
78,0.779189507,pearson_ADM_FEDM
78,0.7885550106,pearson_ADM_FEDM
78,0.7867467324,pearson_ADM_FEDM
78,0.7935691498,pearson_ADM_FEDM
78,0.7791433514,pearson_ADM_FEDM
78,0.7812777559,pearson_ADM_FEDM
78,0.7825091667,pearson_ADM_FEDM
78,0.7873449337,pearson_ADM_FEDM
78,0.7770962387,pearson_ADM_FEDM
78,0.7774224452,pearson_ADM_FEDM
78,0.7860613107,pearson_ADM_FEDM
78,0.7798733825,pearson_ADM_FEDM
78,0.785138931,pearson_ADM_FEDM
78,0.7911518217,pearson_ADM_FEDM
78,0.7808223771,pearson_ADM_FEDM
6,0.6890971143,pearson_ADM_FEDM
6,0.6591119639,pearson_ADM_FEDM
6,0.682127705,pearson_ADM_FEDM
6,0.674797521,pearson_ADM_FEDM
6,0.6751438822,pearson_ADM_FEDM
6,0.6459760174,pearson_ADM_FEDM
6,0.645957642,pearson_ADM_FEDM
6,0.6481057636,pearson_ADM_FEDM
6,0.6403262811,pearson_ADM_FEDM
6,0.63736497,pearson_ADM_FEDM
6,0.6701967251,pearson_ADM_FEDM
6,0.6612686415,pearson_ADM_FEDM
6,0.6905912118,pearson_ADM_FEDM
6,0.6801962016,pearson_ADM_FEDM
6,0.6497823409,pearson_ADM_FEDM
80,0.7752092152,pearson_ADM_FEDM
80,0.7841380578,pearson_ADM_FEDM
80,0.7858575902,pearson_ADM_FEDM
80,0.7838003091,pearson_ADM_FEDM
80,0.7872212012,pearson_ADM_FEDM
80,0.7796351269,pearson_ADM_FEDM
80,0.778528982,pearson_ADM_FEDM
80,0.7972178723,pearson_ADM_FEDM
80,0.790954814,pearson_ADM_FEDM
80,0.7824418489,pearson_ADM_FEDM
80,0.7795736245,pearson_ADM_FEDM
80,0.7835734939,pearson_ADM_FEDM
80,0.7921875108,pearson_ADM_FEDM
80,0.7838701488,pearson_ADM_FEDM
80,0.7708135754,pearson_ADM_FEDM
82,0.7798941013,pearson_ADM_FEDM
82,0.7886465064,pearson_ADM_FEDM
82,0.778822786,pearson_ADM_FEDM
82,0.7803558875,pearson_ADM_FEDM
82,0.7851536814,pearson_ADM_FEDM
82,0.7746354784,pearson_ADM_FEDM
82,0.7862418321,pearson_ADM_FEDM
82,0.7845793985,pearson_ADM_FEDM
82,0.7842905565,pearson_ADM_FEDM
82,0.7766173634,pearson_ADM_FEDM
82,0.7797491941,pearson_ADM_FEDM
82,0.78839575,pearson_ADM_FEDM
82,0.7794255738,pearson_ADM_FEDM
82,0.7884390069,pearson_ADM_FEDM
82,0.7784085677,pearson_ADM_FEDM
84,0.7802175978,pearson_ADM_FEDM
84,0.7885951562,pearson_ADM_FEDM
84,0.7706005489,pearson_ADM_FEDM
84,0.7838564273,pearson_ADM_FEDM
84,0.7931480372,pearson_ADM_FEDM
84,0.7855096116,pearson_ADM_FEDM
84,0.784325082,pearson_ADM_FEDM
84,0.783383756,pearson_ADM_FEDM
84,0.7799721842,pearson_ADM_FEDM
84,0.7836284786,pearson_ADM_FEDM
84,0.7869052193,pearson_ADM_FEDM
84,0.7855637243,pearson_ADM_FEDM
84,0.7907412598,pearson_ADM_FEDM
84,0.7888280793,pearson_ADM_FEDM
84,0.7855795153,pearson_ADM_FEDM
86,0.7884659321,pearson_ADM_FEDM
86,0.7818600675,pearson_ADM_FEDM
86,0.7924612637,pearson_ADM_FEDM
86,0.7843982209,pearson_ADM_FEDM
86,0.7864448002,pearson_ADM_FEDM
86,0.7778152546,pearson_ADM_FEDM
86,0.7903755892,pearson_ADM_FEDM
86,0.7819690903,pearson_ADM_FEDM
86,0.78069151,pearson_ADM_FEDM
86,0.7941949118,pearson_ADM_FEDM
86,0.7867194344,pearson_ADM_FEDM
86,0.7900332644,pearson_ADM_FEDM
86,0.7877580942,pearson_ADM_FEDM
86,0.7776769591,pearson_ADM_FEDM
86,0.782356097,pearson_ADM_FEDM
88,0.7847883659,pearson_ADM_FEDM
88,0.7920048904,pearson_ADM_FEDM
88,0.7890461195,pearson_ADM_FEDM
88,0.787240262,pearson_ADM_FEDM
88,0.787146099,pearson_ADM_FEDM
88,0.7885789616,pearson_ADM_FEDM
88,0.7844298958,pearson_ADM_FEDM
88,0.7879003713,pearson_ADM_FEDM
88,0.781286763,pearson_ADM_FEDM
88,0.7873949432,pearson_ADM_FEDM
88,0.7852535195,pearson_ADM_FEDM
88,0.7892484789,pearson_ADM_FEDM
88,0.7784710526,pearson_ADM_FEDM
88,0.7825062856,pearson_ADM_FEDM
88,0.7810117119,pearson_ADM_FEDM
90,0.7862189844,pearson_ADM_FEDM
90,0.7875414292,pearson_ADM_FEDM
90,0.7910031722,pearson_ADM_FEDM
90,0.7928023746,pearson_ADM_FEDM
90,0.7891719079,pearson_ADM_FEDM
90,0.7989288197,pearson_ADM_FEDM
90,0.7799866097,pearson_ADM_FEDM
90,0.779377994,pearson_ADM_FEDM
90,0.7934880584,pearson_ADM_FEDM
90,0.7837419297,pearson_ADM_FEDM
90,0.7864073287,pearson_ADM_FEDM
90,0.7885137265,pearson_ADM_FEDM
90,0.7939540392,pearson_ADM_FEDM
90,0.7784821924,pearson_ADM_FEDM
90,0.7818210541,pearson_ADM_FEDM
92,0.7802244498,pearson_ADM_FEDM
92,0.7792348118,pearson_ADM_FEDM
92,0.7862506091,pearson_ADM_FEDM
92,0.7817070505,pearson_ADM_FEDM
92,0.7910362481,pearson_ADM_FEDM
92,0.7855133098,pearson_ADM_FEDM
92,0.7808207916,pearson_ADM_FEDM
92,0.7868598428,pearson_ADM_FEDM
92,0.7946858088,pearson_ADM_FEDM
92,0.7948798453,pearson_ADM_FEDM
92,0.7900521623,pearson_ADM_FEDM
92,0.7835508973,pearson_ADM_FEDM
92,0.7824470245,pearson_ADM_FEDM
92,0.7834262487,pearson_ADM_FEDM
92,0.7784915972,pearson_ADM_FEDM
94,0.7964889488,pearson_ADM_FEDM
94,0.7943485551,pearson_ADM_FEDM
94,0.7861161806,pearson_ADM_FEDM
94,0.7924781746,pearson_ADM_FEDM
94,0.797259609,pearson_ADM_FEDM
94,0.7833650342,pearson_ADM_FEDM
94,0.7911206328,pearson_ADM_FEDM
94,0.7868933795,pearson_ADM_FEDM
94,0.7895193696,pearson_ADM_FEDM
94,0.7916994072,pearson_ADM_FEDM
94,0.7927763352,pearson_ADM_FEDM
94,0.7824572121,pearson_ADM_FEDM
94,0.7852572074,pearson_ADM_FEDM
94,0.793704125,pearson_ADM_FEDM
94,0.786321694,pearson_ADM_FEDM
96,0.794867248,pearson_ADM_FEDM
96,0.7940841665,pearson_ADM_FEDM
96,0.7954677009,pearson_ADM_FEDM
96,0.7809290907,pearson_ADM_FEDM
96,0.7831160402,pearson_ADM_FEDM
96,0.7926388037,pearson_ADM_FEDM
96,0.797493243,pearson_ADM_FEDM
96,0.790691706,pearson_ADM_FEDM
96,0.7889722139,pearson_ADM_FEDM
96,0.7854160946,pearson_ADM_FEDM
96,0.7866606167,pearson_ADM_FEDM
96,0.7945698868,pearson_ADM_FEDM
96,0.781325402,pearson_ADM_FEDM
96,0.7907233493,pearson_ADM_FEDM
96,0.7801596617,pearson_ADM_FEDM
98,0.7868495253,pearson_ADM_FEDM
98,0.7909011242,pearson_ADM_FEDM
98,0.7919748058,pearson_ADM_FEDM
98,0.7867674804,pearson_ADM_FEDM
98,0.7734608604,pearson_ADM_FEDM
98,0.7910861123,pearson_ADM_FEDM
98,0.7911516852,pearson_ADM_FEDM
98,0.785360019,pearson_ADM_FEDM
98,0.7821432521,pearson_ADM_FEDM
98,0.781458827,pearson_ADM_FEDM
98,0.7840906947,pearson_ADM_FEDM
98,0.7993100088,pearson_ADM_FEDM
98,0.7880906448,pearson_ADM_FEDM
98,0.7829888479,pearson_ADM_FEDM
98,0.795137369,pearson_ADM_FEDM
8,0.6917494121,pearson_ADM_FEDM
8,0.6898220864,pearson_ADM_FEDM
8,0.7000830936,pearson_ADM_FEDM
8,0.7077184501,pearson_ADM_FEDM
8,0.6846106365,pearson_ADM_FEDM
8,0.6968885825,pearson_ADM_FEDM
8,0.6954185176,pearson_ADM_FEDM
8,0.6941952048,pearson_ADM_FEDM
8,0.684387282,pearson_ADM_FEDM
8,0.6940420411,pearson_ADM_FEDM
8,0.6940055836,pearson_ADM_FEDM
8,0.7094122032,pearson_ADM_FEDM
8,0.7006288731,pearson_ADM_FEDM
8,0.6923804287,pearson_ADM_FEDM
8,0.7032967995,pearson_ADM_FEDM
100,0.7929543484,pearson_ADM_FEDM
100,0.7982314433,pearson_ADM_FEDM
100,0.7936885916,pearson_ADM_FEDM
100,0.7846462339,pearson_ADM_FEDM
100,0.7931653743,pearson_ADM_FEDM
100,0.7878821697,pearson_ADM_FEDM
100,0.7910651289,pearson_ADM_FEDM
100,0.7845716291,pearson_ADM_FEDM
100,0.7935578857,pearson_ADM_FEDM
100,0.7903495254,pearson_ADM_FEDM
100,0.7947083359,pearson_ADM_FEDM
100,0.7872750583,pearson_ADM_FEDM
100,0.7936744829,pearson_ADM_FEDM
100,0.7883829799,pearson_ADM_FEDM
100,0.7917629827,pearson_ADM_FEDM
10,0.7204066162,pearson_ADM_FEDM
10,0.709271629,pearson_ADM_FEDM
10,0.7133041505,pearson_ADM_FEDM
10,0.7154340793,pearson_ADM_FEDM
10,0.7088223713,pearson_ADM_FEDM
10,0.7235794562,pearson_ADM_FEDM
10,0.7219531606,pearson_ADM_FEDM
10,0.7144807449,pearson_ADM_FEDM
10,0.7032148788,pearson_ADM_FEDM
10,0.7068736564,pearson_ADM_FEDM
10,0.7186299301,pearson_ADM_FEDM
10,0.6996851892,pearson_ADM_FEDM
10,0.7118169344,pearson_ADM_FEDM
10,0.7030379164,pearson_ADM_FEDM
10,0.7119232649,pearson_ADM_FEDM
12,0.7180706853,pearson_ADM_FEDM
12,0.7305776293,pearson_ADM_FEDM
12,0.7288574089,pearson_ADM_FEDM
12,0.7227026499,pearson_ADM_FEDM
12,0.7057350817,pearson_ADM_FEDM
12,0.7308495776,pearson_ADM_FEDM
12,0.7343118097,pearson_ADM_FEDM
12,0.7302811389,pearson_ADM_FEDM
12,0.7374995549,pearson_ADM_FEDM
12,0.7406204183,pearson_ADM_FEDM
12,0.7245972997,pearson_ADM_FEDM
12,0.7231815606,pearson_ADM_FEDM
12,0.7388137899,pearson_ADM_FEDM
12,0.7203247426,pearson_ADM_FEDM
12,0.7166865354,pearson_ADM_FEDM
14,0.7222321425,pearson_ADM_FEDM
14,0.7281708997,pearson_ADM_FEDM
14,0.7392670079,pearson_ADM_FEDM
14,0.7421916205,pearson_ADM_FEDM
14,0.7194041533,pearson_ADM_FEDM
14,0.7396299735,pearson_ADM_FEDM
14,0.7324797888,pearson_ADM_FEDM
14,0.7299663057,pearson_ADM_FEDM
14,0.7316931152,pearson_ADM_FEDM
14,0.7275288412,pearson_ADM_FEDM
14,0.7414352127,pearson_ADM_FEDM
14,0.7355415485,pearson_ADM_FEDM
14,0.7291852154,pearson_ADM_FEDM
14,0.7326601413,pearson_ADM_FEDM
14,0.7352370575,pearson_ADM_FEDM
16,0.7397682278,pearson_ADM_FEDM
16,0.7403935088,pearson_ADM_FEDM
16,0.7270407937,pearson_ADM_FEDM
16,0.730463901,pearson_ADM_FEDM
16,0.7430314027,pearson_ADM_FEDM
16,0.7364250629,pearson_ADM_FEDM
16,0.7397023812,pearson_ADM_FEDM
16,0.7251078298,pearson_ADM_FEDM
16,0.7399965027,pearson_ADM_FEDM
16,0.7411084614,pearson_ADM_FEDM
16,0.7364669304,pearson_ADM_FEDM
16,0.7382754169,pearson_ADM_FEDM
16,0.7286957361,pearson_ADM_FEDM
16,0.7487759445,pearson_ADM_FEDM
16,0.7308951046,pearson_ADM_FEDM
18,0.7489065644,pearson_ADM_FEDM
18,0.7329550915,pearson_ADM_FEDM
18,0.7481130905,pearson_ADM_FEDM
18,0.7494933196,pearson_ADM_FEDM
18,0.7506525037,pearson_ADM_FEDM
18,0.7384183867,pearson_ADM_FEDM
18,0.7196053748,pearson_ADM_FEDM
18,0.7425682113,pearson_ADM_FEDM
18,0.747405761,pearson_ADM_FEDM
18,0.7512371903,pearson_ADM_FEDM
18,0.7452764597,pearson_ADM_FEDM
18,0.7355097601,pearson_ADM_FEDM
18,0.7368556615,pearson_ADM_FEDM
18,0.7480552715,pearson_ADM_FEDM
18,0.7417541642,pearson_ADM_FEDM
20,0.7957753988,pearson_ADM_FEDM
20,0.7769774329,pearson_ADM_FEDM
20,0.7340079115,pearson_ADM_FEDM
20,0.797858552,pearson_ADM_FEDM
20,0.7882442268,pearson_ADM_FEDM
20,0.7725610343,pearson_ADM_FEDM
20,0.7394010675,pearson_ADM_FEDM
20,0.7929527866,pearson_ADM_FEDM
20,0.767453373,pearson_ADM_FEDM
20,0.7981020689,pearson_ADM_FEDM
20,0.7840955123,pearson_ADM_FEDM
20,0.7774794002,pearson_ADM_FEDM
20,0.7813163241,pearson_ADM_FEDM
20,0.7932417205,pearson_ADM_FEDM
20,0.7358424173,pearson_ADM_FEDM
22,0.7938563217,pearson_ADM_FEDM
22,0.7772772622,pearson_ADM_FEDM
22,0.779670605,pearson_ADM_FEDM
22,0.8127684609,pearson_ADM_FEDM
22,0.7357100126,pearson_ADM_FEDM
22,0.7994794133,pearson_ADM_FEDM
22,0.7541894764,pearson_ADM_FEDM
22,0.8001951688,pearson_ADM_FEDM
22,0.7868329275,pearson_ADM_FEDM
22,0.7578284094,pearson_ADM_FEDM
22,0.7281353069,pearson_ADM_FEDM
22,0.8072314004,pearson_ADM_FEDM
22,0.7840986531,pearson_ADM_FEDM
22,0.7991594115,pearson_ADM_FEDM
22,0.72949861,pearson_ADM_FEDM
24,0.698913141,pearson_ADM_FEDM
24,0.7427051601,pearson_ADM_FEDM
24,0.8216182551,pearson_ADM_FEDM
24,0.7610052031,pearson_ADM_FEDM
24,0.779551943,pearson_ADM_FEDM
24,0.7962823535,pearson_ADM_FEDM
24,0.7904541514,pearson_ADM_FEDM
24,0.7846128366,pearson_ADM_FEDM
24,0.7970678341,pearson_ADM_FEDM
24,0.8003202158,pearson_ADM_FEDM
24,0.7745078517,pearson_ADM_FEDM
24,0.8227708607,pearson_ADM_FEDM
24,0.7547398862,pearson_ADM_FEDM
24,0.8015375554,pearson_ADM_FEDM
24,0.7663671953,pearson_ADM_FEDM
26,0.8457662579,pearson_ADM_FEDM
26,0.7687302414,pearson_ADM_FEDM
26,0.7877470653,pearson_ADM_FEDM
26,0.8211472316,pearson_ADM_FEDM
26,0.8071778531,pearson_ADM_FEDM
26,0.7630217574,pearson_ADM_FEDM
26,0.7771781471,pearson_ADM_FEDM
26,0.8001149991,pearson_ADM_FEDM
26,0.7607065703,pearson_ADM_FEDM
26,0.7675557085,pearson_ADM_FEDM
26,0.7874468623,pearson_ADM_FEDM
26,0.7956309871,pearson_ADM_FEDM
26,0.7644494238,pearson_ADM_FEDM
26,0.7954372914,pearson_ADM_FEDM
26,0.7656254422,pearson_ADM_FEDM
28,0.7798459824,pearson_ADM_FEDM
28,0.7461985724,pearson_ADM_FEDM
28,0.7495844875,pearson_ADM_FEDM
28,0.7836193652,pearson_ADM_FEDM
28,0.8250140405,pearson_ADM_FEDM
28,0.7754179146,pearson_ADM_FEDM
28,0.7983199896,pearson_ADM_FEDM
28,0.7795307218,pearson_ADM_FEDM
28,0.8044191625,pearson_ADM_FEDM
28,0.7632026954,pearson_ADM_FEDM
28,0.7719713719,pearson_ADM_FEDM
28,0.8217173949,pearson_ADM_FEDM
28,0.8129578217,pearson_ADM_FEDM
28,0.745930927,pearson_ADM_FEDM
28,0.7803614628,pearson_ADM_FEDM
30,0.7628097944,pearson_ADM_FEDM
30,0.7998533605,pearson_ADM_FEDM
30,0.7426202407,pearson_ADM_FEDM
30,0.8109687959,pearson_ADM_FEDM
30,0.7842963713,pearson_ADM_FEDM
30,0.7798528129,pearson_ADM_FEDM
30,0.8170736766,pearson_ADM_FEDM
30,0.7886338481,pearson_ADM_FEDM
30,0.796715486,pearson_ADM_FEDM
30,0.7603619159,pearson_ADM_FEDM
30,0.8158394905,pearson_ADM_FEDM
30,0.8011643031,pearson_ADM_FEDM
30,0.8171739125,pearson_ADM_FEDM
30,0.8196124619,pearson_ADM_FEDM
30,0.8120619475,pearson_ADM_FEDM
32,0.8168548571,pearson_ADM_FEDM
32,0.806591324,pearson_ADM_FEDM
32,0.7523664979,pearson_ADM_FEDM
32,0.7900753103,pearson_ADM_FEDM
32,0.8309575526,pearson_ADM_FEDM
32,0.6827109398,pearson_ADM_FEDM
32,0.8006091617,pearson_ADM_FEDM
32,0.7366056763,pearson_ADM_FEDM
32,0.8287448643,pearson_ADM_FEDM
32,0.8196387215,pearson_ADM_FEDM
32,0.8106101206,pearson_ADM_FEDM
32,0.8193310189,pearson_ADM_FEDM
32,0.8166470796,pearson_ADM_FEDM
32,0.8177355129,pearson_ADM_FEDM
32,0.7621207901,pearson_ADM_FEDM
34,0.8382734406,pearson_ADM_FEDM
34,0.8071943696,pearson_ADM_FEDM
34,0.7704118373,pearson_ADM_FEDM
34,0.7745905715,pearson_ADM_FEDM
34,0.8117115827,pearson_ADM_FEDM
34,0.7786721187,pearson_ADM_FEDM
34,0.7664267348,pearson_ADM_FEDM
34,0.8038220847,pearson_ADM_FEDM
34,0.7957129643,pearson_ADM_FEDM
34,0.772967778,pearson_ADM_FEDM
34,0.7840669611,pearson_ADM_FEDM
34,0.8101892868,pearson_ADM_FEDM
34,0.806367228,pearson_ADM_FEDM
34,0.7881223103,pearson_ADM_FEDM
34,0.8165831121,pearson_ADM_FEDM
36,0.7806874153,pearson_ADM_FEDM
36,0.779342341,pearson_ADM_FEDM
36,0.8178930628,pearson_ADM_FEDM
36,0.8176907505,pearson_ADM_FEDM
36,0.7535941273,pearson_ADM_FEDM
36,0.7854324322,pearson_ADM_FEDM
36,0.7991687821,pearson_ADM_FEDM
36,0.7934178285,pearson_ADM_FEDM
36,0.7916732365,pearson_ADM_FEDM
36,0.7657283357,pearson_ADM_FEDM
36,0.8064632447,pearson_ADM_FEDM
36,0.7904743106,pearson_ADM_FEDM
36,0.7412118756,pearson_ADM_FEDM
36,0.796738571,pearson_ADM_FEDM
36,0.8071596676,pearson_ADM_FEDM
38,0.8030129831,pearson_ADM_FEDM
38,0.8258439681,pearson_ADM_FEDM
38,0.8168496902,pearson_ADM_FEDM
38,0.7993415755,pearson_ADM_FEDM
38,0.8230203945,pearson_ADM_FEDM
38,0.7610994901,pearson_ADM_FEDM
38,0.8077651868,pearson_ADM_FEDM
38,0.817667568,pearson_ADM_FEDM
38,0.7970774624,pearson_ADM_FEDM
38,0.8178749949,pearson_ADM_FEDM
38,0.8010962871,pearson_ADM_FEDM
38,0.7919500365,pearson_ADM_FEDM
38,0.7302407419,pearson_ADM_FEDM
38,0.7252850953,pearson_ADM_FEDM
38,0.7915420394,pearson_ADM_FEDM
40,0.8022464604,pearson_ADM_FEDM
40,0.7770103143,pearson_ADM_FEDM
40,0.8075265959,pearson_ADM_FEDM
40,0.7624092283,pearson_ADM_FEDM
40,0.8254614957,pearson_ADM_FEDM
40,0.8278489801,pearson_ADM_FEDM
40,0.7622043287,pearson_ADM_FEDM
40,0.7915193696,pearson_ADM_FEDM
40,0.7820811618,pearson_ADM_FEDM
40,0.8003849351,pearson_ADM_FEDM
40,0.7903408835,pearson_ADM_FEDM
40,0.7930626221,pearson_ADM_FEDM
40,0.8380163044,pearson_ADM_FEDM
40,0.8192017351,pearson_ADM_FEDM
40,0.8155747936,pearson_ADM_FEDM
42,0.7782419907,pearson_ADM_FEDM
42,0.8059450992,pearson_ADM_FEDM
42,0.8098708034,pearson_ADM_FEDM
42,0.7908573968,pearson_ADM_FEDM
42,0.7839517945,pearson_ADM_FEDM
42,0.8019521159,pearson_ADM_FEDM
42,0.75683269,pearson_ADM_FEDM
42,0.8305900159,pearson_ADM_FEDM
42,0.7893960312,pearson_ADM_FEDM
42,0.7974095978,pearson_ADM_FEDM
42,0.8122029736,pearson_ADM_FEDM
42,0.8274895966,pearson_ADM_FEDM
42,0.7814368401,pearson_ADM_FEDM
42,0.7978658158,pearson_ADM_FEDM
42,0.7936849957,pearson_ADM_FEDM
44,0.7788733766,pearson_ADM_FEDM
44,0.7866543547,pearson_ADM_FEDM
44,0.8174736393,pearson_ADM_FEDM
44,0.8194005225,pearson_ADM_FEDM
44,0.7876344906,pearson_ADM_FEDM
44,0.804984358,pearson_ADM_FEDM
44,0.7700956845,pearson_ADM_FEDM
44,0.8004587864,pearson_ADM_FEDM
44,0.8306526311,pearson_ADM_FEDM
44,0.8037207337,pearson_ADM_FEDM
44,0.819145997,pearson_ADM_FEDM
44,0.818479025,pearson_ADM_FEDM
44,0.831212671,pearson_ADM_FEDM
44,0.7686377238,pearson_ADM_FEDM
44,0.7927873769,pearson_ADM_FEDM
46,0.8130308171,pearson_ADM_FEDM
46,0.7895733928,pearson_ADM_FEDM
46,0.8093172968,pearson_ADM_FEDM
46,0.8216389006,pearson_ADM_FEDM
46,0.7883175953,pearson_ADM_FEDM
46,0.7887791355,pearson_ADM_FEDM
46,0.7829319569,pearson_ADM_FEDM
46,0.8196622614,pearson_ADM_FEDM
46,0.7962840752,pearson_ADM_FEDM
46,0.8343876961,pearson_ADM_FEDM
46,0.8185466419,pearson_ADM_FEDM
46,0.8072997516,pearson_ADM_FEDM
46,0.7891070848,pearson_ADM_FEDM
46,0.7994607765,pearson_ADM_FEDM
46,0.7486464647,pearson_ADM_FEDM
48,0.8376361566,pearson_ADM_FEDM
48,0.8257876279,pearson_ADM_FEDM
48,0.8136468035,pearson_ADM_FEDM
48,0.81512817,pearson_ADM_FEDM
48,0.7961081946,pearson_ADM_FEDM
48,0.7928485844,pearson_ADM_FEDM
48,0.7917157126,pearson_ADM_FEDM
48,0.7719421722,pearson_ADM_FEDM
48,0.7744385494,pearson_ADM_FEDM
48,0.8055749977,pearson_ADM_FEDM
48,0.8005261503,pearson_ADM_FEDM
48,0.8064151179,pearson_ADM_FEDM
48,0.7826223466,pearson_ADM_FEDM
48,0.8160473424,pearson_ADM_FEDM
48,0.8072747972,pearson_ADM_FEDM
50,0.8308615434,pearson_ADM_FEDM
50,0.804932311,pearson_ADM_FEDM
50,0.8085857095,pearson_ADM_FEDM
50,0.7946912538,pearson_ADM_FEDM
50,0.7829578806,pearson_ADM_FEDM
50,0.7822053694,pearson_ADM_FEDM
50,0.7700469142,pearson_ADM_FEDM
50,0.803992369,pearson_ADM_FEDM
50,0.8214891075,pearson_ADM_FEDM
50,0.8064593527,pearson_ADM_FEDM
50,0.8132337636,pearson_ADM_FEDM
50,0.7930557808,pearson_ADM_FEDM
50,0.834135214,pearson_ADM_FEDM
50,0.7724664327,pearson_ADM_FEDM
50,0.7786095927,pearson_ADM_FEDM
52,0.8082741758,pearson_ADM_FEDM
52,0.8011107474,pearson_ADM_FEDM
52,0.7501979006,pearson_ADM_FEDM
52,0.800397238,pearson_ADM_FEDM
52,0.7868834569,pearson_ADM_FEDM
52,0.8366275552,pearson_ADM_FEDM
52,0.7868223136,pearson_ADM_FEDM
52,0.8284024261,pearson_ADM_FEDM
52,0.7689493162,pearson_ADM_FEDM
52,0.7645090982,pearson_ADM_FEDM
52,0.8213016972,pearson_ADM_FEDM
52,0.810506154,pearson_ADM_FEDM
52,0.7907563396,pearson_ADM_FEDM
52,0.8231682375,pearson_ADM_FEDM
52,0.7867060748,pearson_ADM_FEDM
54,0.8122182463,pearson_ADM_FEDM
54,0.7932583985,pearson_ADM_FEDM
54,0.7650503213,pearson_ADM_FEDM
54,0.8153905616,pearson_ADM_FEDM
54,0.7962592081,pearson_ADM_FEDM
54,0.7813991463,pearson_ADM_FEDM
54,0.794988967,pearson_ADM_FEDM
54,0.8153410919,pearson_ADM_FEDM
54,0.8170034615,pearson_ADM_FEDM
54,0.787008185,pearson_ADM_FEDM
54,0.8202938349,pearson_ADM_FEDM
54,0.8330328462,pearson_ADM_FEDM
54,0.7693112831,pearson_ADM_FEDM
54,0.8103072022,pearson_ADM_FEDM
54,0.7635024309,pearson_ADM_FEDM
56,0.7613503032,pearson_ADM_FEDM
56,0.8113961545,pearson_ADM_FEDM
56,0.8249503806,pearson_ADM_FEDM
56,0.8200495776,pearson_ADM_FEDM
56,0.7524265843,pearson_ADM_FEDM
56,0.8065326216,pearson_ADM_FEDM
56,0.7983927643,pearson_ADM_FEDM
56,0.8075087136,pearson_ADM_FEDM
56,0.807372179,pearson_ADM_FEDM
56,0.8242686348,pearson_ADM_FEDM
56,0.7797706788,pearson_ADM_FEDM
56,0.8280857324,pearson_ADM_FEDM
56,0.7926532648,pearson_ADM_FEDM
56,0.8211077179,pearson_ADM_FEDM
56,0.7522049397,pearson_ADM_FEDM
58,0.7959005618,pearson_ADM_FEDM
58,0.8244382581,pearson_ADM_FEDM
58,0.7759089695,pearson_ADM_FEDM
58,0.8034773217,pearson_ADM_FEDM
58,0.7888980488,pearson_ADM_FEDM
58,0.8001208201,pearson_ADM_FEDM
58,0.8024739561,pearson_ADM_FEDM
58,0.7703722817,pearson_ADM_FEDM
58,0.8083692802,pearson_ADM_FEDM
58,0.7918969964,pearson_ADM_FEDM
58,0.8078880224,pearson_ADM_FEDM
58,0.8164127146,pearson_ADM_FEDM
58,0.816432709,pearson_ADM_FEDM
58,0.7883210759,pearson_ADM_FEDM
58,0.7959614965,pearson_ADM_FEDM
4,0.7035335597,pearson_ADM_FEDM
4,0.6071325185,pearson_ADM_FEDM
4,0.7120766022,pearson_ADM_FEDM
4,0.663940257,pearson_ADM_FEDM
4,0.6174817447,pearson_ADM_FEDM
4,0.6329094079,pearson_ADM_FEDM
4,0.672248242,pearson_ADM_FEDM
4,0.6932997577,pearson_ADM_FEDM
4,0.7319401338,pearson_ADM_FEDM
4,0.6934925025,pearson_ADM_FEDM
4,0.6984158496,pearson_ADM_FEDM
4,0.6754250364,pearson_ADM_FEDM
4,0.6595094633,pearson_ADM_FEDM
4,0.663625819,pearson_ADM_FEDM
4,0.6298530658,pearson_ADM_FEDM
60,0.7844357601,pearson_ADM_FEDM
60,0.7844383761,pearson_ADM_FEDM
60,0.762371726,pearson_ADM_FEDM
60,0.7757623614,pearson_ADM_FEDM
60,0.8075387819,pearson_ADM_FEDM
60,0.8094938941,pearson_ADM_FEDM
60,0.8059621002,pearson_ADM_FEDM
60,0.7842059647,pearson_ADM_FEDM
60,0.8329174731,pearson_ADM_FEDM
60,0.8181088998,pearson_ADM_FEDM
60,0.8274576957,pearson_ADM_FEDM
60,0.799804921,pearson_ADM_FEDM
60,0.8151050113,pearson_ADM_FEDM
60,0.7895768729,pearson_ADM_FEDM
60,0.7948178584,pearson_ADM_FEDM
62,0.8191821343,pearson_ADM_FEDM
62,0.7731916146,pearson_ADM_FEDM
62,0.8239600008,pearson_ADM_FEDM
62,0.7845161647,pearson_ADM_FEDM
62,0.7694231376,pearson_ADM_FEDM
62,0.8024197024,pearson_ADM_FEDM
62,0.7952585499,pearson_ADM_FEDM
62,0.8043753935,pearson_ADM_FEDM
62,0.7901594167,pearson_ADM_FEDM
62,0.8160237259,pearson_ADM_FEDM
62,0.8058502733,pearson_ADM_FEDM
62,0.7877448464,pearson_ADM_FEDM
62,0.8073009703,pearson_ADM_FEDM
62,0.8177151149,pearson_ADM_FEDM
62,0.7982613733,pearson_ADM_FEDM
64,0.7704275105,pearson_ADM_FEDM
64,0.7789312354,pearson_ADM_FEDM
64,0.8179196938,pearson_ADM_FEDM
64,0.822201403,pearson_ADM_FEDM
64,0.8225616591,pearson_ADM_FEDM
64,0.8226445641,pearson_ADM_FEDM
64,0.8150328622,pearson_ADM_FEDM
64,0.7978652556,pearson_ADM_FEDM
64,0.8112669889,pearson_ADM_FEDM
64,0.7755094632,pearson_ADM_FEDM
64,0.8166857585,pearson_ADM_FEDM
64,0.7983539744,pearson_ADM_FEDM
64,0.8227280183,pearson_ADM_FEDM
64,0.8118055303,pearson_ADM_FEDM
64,0.8076938532,pearson_ADM_FEDM
66,0.7850028294,pearson_ADM_FEDM
66,0.8217241017,pearson_ADM_FEDM
66,0.7850104279,pearson_ADM_FEDM
66,0.8150195755,pearson_ADM_FEDM
66,0.7989556801,pearson_ADM_FEDM
66,0.826024543,pearson_ADM_FEDM
66,0.8111548694,pearson_ADM_FEDM
66,0.7939737959,pearson_ADM_FEDM
66,0.7828181387,pearson_ADM_FEDM
66,0.8022135393,pearson_ADM_FEDM
66,0.8313946816,pearson_ADM_FEDM
66,0.8076696849,pearson_ADM_FEDM
66,0.8030076896,pearson_ADM_FEDM
66,0.7968649432,pearson_ADM_FEDM
66,0.7806991575,pearson_ADM_FEDM
68,0.8066626403,pearson_ADM_FEDM
68,0.7985847973,pearson_ADM_FEDM
68,0.8085284297,pearson_ADM_FEDM
68,0.8120576067,pearson_ADM_FEDM
68,0.7790697038,pearson_ADM_FEDM
68,0.8288787742,pearson_ADM_FEDM
68,0.7903721704,pearson_ADM_FEDM
68,0.8179655535,pearson_ADM_FEDM
68,0.8133305256,pearson_ADM_FEDM
68,0.8143442148,pearson_ADM_FEDM
68,0.8042661179,pearson_ADM_FEDM
68,0.8147921171,pearson_ADM_FEDM
68,0.7990294753,pearson_ADM_FEDM
68,0.8069754481,pearson_ADM_FEDM
68,0.8010554292,pearson_ADM_FEDM
70,0.8114630267,pearson_ADM_FEDM
70,0.7873326863,pearson_ADM_FEDM
70,0.8165302594,pearson_ADM_FEDM
70,0.8088342915,pearson_ADM_FEDM
70,0.8310937734,pearson_ADM_FEDM
70,0.7972597939,pearson_ADM_FEDM
70,0.7965690993,pearson_ADM_FEDM
70,0.8302651385,pearson_ADM_FEDM
70,0.7626016171,pearson_ADM_FEDM
70,0.8105352175,pearson_ADM_FEDM
70,0.7815500234,pearson_ADM_FEDM
70,0.791417653,pearson_ADM_FEDM
70,0.8188007147,pearson_ADM_FEDM
70,0.8067524398,pearson_ADM_FEDM
70,0.7744744767,pearson_ADM_FEDM
72,0.821290539,pearson_ADM_FEDM
72,0.803047662,pearson_ADM_FEDM
72,0.7732751665,pearson_ADM_FEDM
72,0.8077420859,pearson_ADM_FEDM
72,0.8037842479,pearson_ADM_FEDM
72,0.7604605754,pearson_ADM_FEDM
72,0.7755599874,pearson_ADM_FEDM
72,0.8071404567,pearson_ADM_FEDM
72,0.8075734322,pearson_ADM_FEDM
72,0.7958966202,pearson_ADM_FEDM
72,0.7983683747,pearson_ADM_FEDM
72,0.8184845922,pearson_ADM_FEDM
72,0.8008502753,pearson_ADM_FEDM
72,0.8023074564,pearson_ADM_FEDM
72,0.7866263538,pearson_ADM_FEDM
74,0.8077065503,pearson_ADM_FEDM
74,0.7675528751,pearson_ADM_FEDM
74,0.8146174971,pearson_ADM_FEDM
74,0.8152292812,pearson_ADM_FEDM
74,0.8083388316,pearson_ADM_FEDM
74,0.7284308443,pearson_ADM_FEDM
74,0.8345263569,pearson_ADM_FEDM
74,0.8284870813,pearson_ADM_FEDM
74,0.8239142004,pearson_ADM_FEDM
74,0.8261495593,pearson_ADM_FEDM
74,0.8177877362,pearson_ADM_FEDM
74,0.7972773512,pearson_ADM_FEDM
74,0.8064597908,pearson_ADM_FEDM
74,0.7491851165,pearson_ADM_FEDM
74,0.8039063961,pearson_ADM_FEDM
76,0.8074530895,pearson_ADM_FEDM
76,0.7741498576,pearson_ADM_FEDM
76,0.7893039735,pearson_ADM_FEDM
76,0.8251404358,pearson_ADM_FEDM
76,0.826940182,pearson_ADM_FEDM
76,0.8019717482,pearson_ADM_FEDM
76,0.8333172503,pearson_ADM_FEDM
76,0.8232930971,pearson_ADM_FEDM
76,0.8452287767,pearson_ADM_FEDM
76,0.8241296622,pearson_ADM_FEDM
76,0.8250681008,pearson_ADM_FEDM
76,0.83603108,pearson_ADM_FEDM
76,0.752743136,pearson_ADM_FEDM
76,0.7692532479,pearson_ADM_FEDM
76,0.7761261046,pearson_ADM_FEDM
78,0.8095482604,pearson_ADM_FEDM
78,0.8109466421,pearson_ADM_FEDM
78,0.7940582224,pearson_ADM_FEDM
78,0.7951883175,pearson_ADM_FEDM
78,0.8020734281,pearson_ADM_FEDM
78,0.8164327694,pearson_ADM_FEDM
78,0.7923936737,pearson_ADM_FEDM
78,0.7839562703,pearson_ADM_FEDM
78,0.8339497547,pearson_ADM_FEDM
78,0.8327005689,pearson_ADM_FEDM
78,0.7895556813,pearson_ADM_FEDM
78,0.8031449425,pearson_ADM_FEDM
78,0.7755979518,pearson_ADM_FEDM
78,0.8325433344,pearson_ADM_FEDM
78,0.8231309072,pearson_ADM_FEDM
6,0.7125244805,pearson_ADM_FEDM
6,0.6973461967,pearson_ADM_FEDM
6,0.7003966037,pearson_ADM_FEDM
6,0.7788252905,pearson_ADM_FEDM
6,0.7303933857,pearson_ADM_FEDM
6,0.729311369,pearson_ADM_FEDM
6,0.6528398245,pearson_ADM_FEDM
6,0.7283483054,pearson_ADM_FEDM
6,0.6772540192,pearson_ADM_FEDM
6,0.7533748691,pearson_ADM_FEDM
6,0.7125376687,pearson_ADM_FEDM
6,0.7390052148,pearson_ADM_FEDM
6,0.7065032963,pearson_ADM_FEDM
6,0.7586684678,pearson_ADM_FEDM
6,0.7375104164,pearson_ADM_FEDM
80,0.7906531664,pearson_ADM_FEDM
80,0.7988455094,pearson_ADM_FEDM
80,0.8018669694,pearson_ADM_FEDM
80,0.8174639771,pearson_ADM_FEDM
80,0.82084893,pearson_ADM_FEDM
80,0.7967143813,pearson_ADM_FEDM
80,0.808747839,pearson_ADM_FEDM
80,0.8213457332,pearson_ADM_FEDM
80,0.8083384722,pearson_ADM_FEDM
80,0.820228669,pearson_ADM_FEDM
80,0.827557033,pearson_ADM_FEDM
80,0.7845269958,pearson_ADM_FEDM
80,0.7974142394,pearson_ADM_FEDM
80,0.7933141007,pearson_ADM_FEDM
80,0.7835888981,pearson_ADM_FEDM
82,0.816159807,pearson_ADM_FEDM
82,0.8042445478,pearson_ADM_FEDM
82,0.7986038395,pearson_ADM_FEDM
82,0.8334604361,pearson_ADM_FEDM
82,0.8217698793,pearson_ADM_FEDM
82,0.7918861139,pearson_ADM_FEDM
82,0.8134526785,pearson_ADM_FEDM
82,0.7934565186,pearson_ADM_FEDM
82,0.8169376295,pearson_ADM_FEDM
82,0.8237810735,pearson_ADM_FEDM
82,0.8265258054,pearson_ADM_FEDM
82,0.7853377217,pearson_ADM_FEDM
82,0.8182313553,pearson_ADM_FEDM
82,0.7830808836,pearson_ADM_FEDM
82,0.8134212204,pearson_ADM_FEDM
84,0.8180594201,pearson_ADM_FEDM
84,0.8053591127,pearson_ADM_FEDM
84,0.8037581028,pearson_ADM_FEDM
84,0.7836541247,pearson_ADM_FEDM
84,0.7673167811,pearson_ADM_FEDM
84,0.8068807004,pearson_ADM_FEDM
84,0.8401943723,pearson_ADM_FEDM
84,0.8251579777,pearson_ADM_FEDM
84,0.8094592888,pearson_ADM_FEDM
84,0.8027927003,pearson_ADM_FEDM
84,0.8256257064,pearson_ADM_FEDM
84,0.8074427373,pearson_ADM_FEDM
84,0.796212878,pearson_ADM_FEDM
84,0.8010103327,pearson_ADM_FEDM
84,0.8280691901,pearson_ADM_FEDM
86,0.8097574446,pearson_ADM_FEDM
86,0.8257983461,pearson_ADM_FEDM
86,0.821597786,pearson_ADM_FEDM
86,0.8362941305,pearson_ADM_FEDM
86,0.7878934631,pearson_ADM_FEDM
86,0.8215201955,pearson_ADM_FEDM
86,0.8128249179,pearson_ADM_FEDM
86,0.8046124624,pearson_ADM_FEDM
86,0.8298037053,pearson_ADM_FEDM
86,0.8091353205,pearson_ADM_FEDM
86,0.8224430198,pearson_ADM_FEDM
86,0.8307804629,pearson_ADM_FEDM
86,0.8108426625,pearson_ADM_FEDM
86,0.812298536,pearson_ADM_FEDM
86,0.8034664685,pearson_ADM_FEDM
88,0.7886541661,pearson_ADM_FEDM
88,0.7944367015,pearson_ADM_FEDM
88,0.812178196,pearson_ADM_FEDM
88,0.8285586093,pearson_ADM_FEDM
88,0.8103107152,pearson_ADM_FEDM
88,0.7980486528,pearson_ADM_FEDM
88,0.8194656296,pearson_ADM_FEDM
88,0.8309220148,pearson_ADM_FEDM
88,0.8129673587,pearson_ADM_FEDM
88,0.7948283782,pearson_ADM_FEDM
88,0.8209694722,pearson_ADM_FEDM
88,0.7926392332,pearson_ADM_FEDM
88,0.8119808735,pearson_ADM_FEDM
88,0.8243836524,pearson_ADM_FEDM
88,0.8303279153,pearson_ADM_FEDM
90,0.7861788394,pearson_ADM_FEDM
90,0.786852033,pearson_ADM_FEDM
90,0.8267611313,pearson_ADM_FEDM
90,0.8009324413,pearson_ADM_FEDM
90,0.8147420941,pearson_ADM_FEDM
90,0.7875453312,pearson_ADM_FEDM
90,0.7987676251,pearson_ADM_FEDM
90,0.8096002717,pearson_ADM_FEDM
90,0.8107057525,pearson_ADM_FEDM
90,0.8090785926,pearson_ADM_FEDM
90,0.8238373099,pearson_ADM_FEDM
90,0.813092335,pearson_ADM_FEDM
90,0.8072383987,pearson_ADM_FEDM
90,0.7957498823,pearson_ADM_FEDM
90,0.804606669,pearson_ADM_FEDM
92,0.8128228781,pearson_ADM_FEDM
92,0.8293836052,pearson_ADM_FEDM
92,0.8277544369,pearson_ADM_FEDM
92,0.791681171,pearson_ADM_FEDM
92,0.8052829684,pearson_ADM_FEDM
92,0.8387452121,pearson_ADM_FEDM
92,0.7884770664,pearson_ADM_FEDM
92,0.809994353,pearson_ADM_FEDM
92,0.8068830595,pearson_ADM_FEDM
92,0.8223397158,pearson_ADM_FEDM
92,0.7939467711,pearson_ADM_FEDM
92,0.8073680555,pearson_ADM_FEDM
92,0.8112209582,pearson_ADM_FEDM
92,0.8219122103,pearson_ADM_FEDM
92,0.8148442111,pearson_ADM_FEDM
94,0.8272219932,pearson_ADM_FEDM
94,0.7982624377,pearson_ADM_FEDM
94,0.8171673442,pearson_ADM_FEDM
94,0.8077386947,pearson_ADM_FEDM
94,0.8090902192,pearson_ADM_FEDM
94,0.7914867335,pearson_ADM_FEDM
94,0.8175682689,pearson_ADM_FEDM
94,0.7882673659,pearson_ADM_FEDM
94,0.816726608,pearson_ADM_FEDM
94,0.7676179961,pearson_ADM_FEDM
94,0.8136340275,pearson_ADM_FEDM
94,0.786671636,pearson_ADM_FEDM
94,0.80150564,pearson_ADM_FEDM
94,0.808159233,pearson_ADM_FEDM
94,0.8196353205,pearson_ADM_FEDM
96,0.8191455732,pearson_ADM_FEDM
96,0.8166537795,pearson_ADM_FEDM
96,0.8027726704,pearson_ADM_FEDM
96,0.823322453,pearson_ADM_FEDM
96,0.8232917393,pearson_ADM_FEDM
96,0.7947614605,pearson_ADM_FEDM
96,0.815588963,pearson_ADM_FEDM
96,0.8316882692,pearson_ADM_FEDM
96,0.8140587026,pearson_ADM_FEDM
96,0.7827528689,pearson_ADM_FEDM
96,0.7879775983,pearson_ADM_FEDM
96,0.8283400254,pearson_ADM_FEDM
96,0.8237630924,pearson_ADM_FEDM
96,0.8137756146,pearson_ADM_FEDM
96,0.8274423198,pearson_ADM_FEDM
98,0.8011860032,pearson_ADM_FEDM
98,0.8151205899,pearson_ADM_FEDM
98,0.8023995574,pearson_ADM_FEDM
98,0.7974516034,pearson_ADM_FEDM
98,0.7885291511,pearson_ADM_FEDM
98,0.8307494923,pearson_ADM_FEDM
98,0.7838166711,pearson_ADM_FEDM
98,0.8059418563,pearson_ADM_FEDM
98,0.7902018438,pearson_ADM_FEDM
98,0.8320588974,pearson_ADM_FEDM
98,0.8024059911,pearson_ADM_FEDM
98,0.8059622491,pearson_ADM_FEDM
98,0.8342085387,pearson_ADM_FEDM
98,0.7924458164,pearson_ADM_FEDM
98,0.8281433468,pearson_ADM_FEDM
8,0.7441604517,pearson_ADM_FEDM
8,0.6658601988,pearson_ADM_FEDM
8,0.6172938738,pearson_ADM_FEDM
8,0.636955436,pearson_ADM_FEDM
8,0.7615160113,pearson_ADM_FEDM
8,0.7342927027,pearson_ADM_FEDM
8,0.6711332863,pearson_ADM_FEDM
8,0.7230658202,pearson_ADM_FEDM
8,0.6904268944,pearson_ADM_FEDM
8,0.6719201151,pearson_ADM_FEDM
8,0.6735052135,pearson_ADM_FEDM
8,0.6914745215,pearson_ADM_FEDM
8,0.7094338839,pearson_ADM_FEDM
8,0.7266203869,pearson_ADM_FEDM
8,0.7529150762,pearson_ADM_FEDM
100,0.8212337849,pearson_ADM_FEDM
100,0.7811254483,pearson_ADM_FEDM
100,0.8170561539,pearson_ADM_FEDM
100,0.7970300092,pearson_ADM_FEDM
100,0.7904699721,pearson_ADM_FEDM
100,0.8113801402,pearson_ADM_FEDM
100,0.8252409447,pearson_ADM_FEDM
100,0.8123741934,pearson_ADM_FEDM
100,0.8364824938,pearson_ADM_FEDM
100,0.7954446091,pearson_ADM_FEDM
100,0.8184576473,pearson_ADM_FEDM
100,0.7898143373,pearson_ADM_FEDM
100,0.8233974785,pearson_ADM_FEDM
100,0.7950807278,pearson_ADM_FEDM
100,0.8160038538,pearson_ADM_FEDM
10,0.6555328449,pearson_ADM_FEDM
10,0.7929856909,pearson_ADM_FEDM
10,0.7561530402,pearson_ADM_FEDM
10,0.6811154758,pearson_ADM_FEDM
10,0.7746307722,pearson_ADM_FEDM
10,0.7370829448,pearson_ADM_FEDM
10,0.5779762876,pearson_ADM_FEDM
10,0.6517871754,pearson_ADM_FEDM
10,0.7341822463,pearson_ADM_FEDM
10,0.6906156178,pearson_ADM_FEDM
10,0.5384806359,pearson_ADM_FEDM
10,0.72567511,pearson_ADM_FEDM
10,0.6979601717,pearson_ADM_FEDM
10,0.7944023784,pearson_ADM_FEDM
10,0.6574139173,pearson_ADM_FEDM
12,0.6806560747,pearson_ADM_FEDM
12,0.7666754441,pearson_ADM_FEDM
12,0.7793141115,pearson_ADM_FEDM
12,0.7620495045,pearson_ADM_FEDM
12,0.7866861914,pearson_ADM_FEDM
12,0.6844899289,pearson_ADM_FEDM
12,0.7870242346,pearson_ADM_FEDM
12,0.7958259466,pearson_ADM_FEDM
12,0.7590599605,pearson_ADM_FEDM
12,0.7233084772,pearson_ADM_FEDM
12,0.7649700369,pearson_ADM_FEDM
12,0.7884462469,pearson_ADM_FEDM
12,0.7731353101,pearson_ADM_FEDM
12,0.7472676393,pearson_ADM_FEDM
12,0.7323479337,pearson_ADM_FEDM
14,0.7168073296,pearson_ADM_FEDM
14,0.7445341738,pearson_ADM_FEDM
14,0.7577525292,pearson_ADM_FEDM
14,0.7236314672,pearson_ADM_FEDM
14,0.8049380256,pearson_ADM_FEDM
14,0.7802829297,pearson_ADM_FEDM
14,0.7483864713,pearson_ADM_FEDM
14,0.7250192757,pearson_ADM_FEDM
14,0.7721770633,pearson_ADM_FEDM
14,0.8060154243,pearson_ADM_FEDM
14,0.7790024491,pearson_ADM_FEDM
14,0.7976912851,pearson_ADM_FEDM
14,0.794965403,pearson_ADM_FEDM
14,0.6810983727,pearson_ADM_FEDM
14,0.7978258401,pearson_ADM_FEDM
16,0.8041692309,pearson_ADM_FEDM
16,0.7082995066,pearson_ADM_FEDM
16,0.7307954329,pearson_ADM_FEDM
16,0.7112372938,pearson_ADM_FEDM
16,0.7427548139,pearson_ADM_FEDM
16,0.7649837771,pearson_ADM_FEDM
16,0.7219204882,pearson_ADM_FEDM
16,0.7440582436,pearson_ADM_FEDM
16,0.7855920923,pearson_ADM_FEDM
16,0.6734854009,pearson_ADM_FEDM
16,0.7091551105,pearson_ADM_FEDM
16,0.7200995947,pearson_ADM_FEDM
16,0.7424207375,pearson_ADM_FEDM
16,0.7546955284,pearson_ADM_FEDM
16,0.727189806,pearson_ADM_FEDM
18,0.7502020662,pearson_ADM_FEDM
18,0.771356841,pearson_ADM_FEDM
18,0.8173178455,pearson_ADM_FEDM
18,0.7818563087,pearson_ADM_FEDM
18,0.7808753504,pearson_ADM_FEDM
18,0.7698352439,pearson_ADM_FEDM
18,0.7877177134,pearson_ADM_FEDM
18,0.7806406908,pearson_ADM_FEDM
18,0.6830757981,pearson_ADM_FEDM
18,0.7348566926,pearson_ADM_FEDM
18,0.7942145886,pearson_ADM_FEDM
18,0.7686823836,pearson_ADM_FEDM
18,0.7359465313,pearson_ADM_FEDM
18,0.7092875644,pearson_ADM_FEDM
18,0.7673656819,pearson_ADM_FEDM
20,0.7444624347,pearson_ADM_FEDM
20,0.7103959938,pearson_ADM_FEDM
20,0.7595608977,pearson_ADM_FEDM
20,0.7743822088,pearson_ADM_FEDM
20,0.7438645539,pearson_ADM_FEDM
20,0.7638699407,pearson_ADM_FEDM
20,0.7134335013,pearson_ADM_FEDM
20,0.7126438066,pearson_ADM_FEDM
20,0.7288038838,pearson_ADM_FEDM
20,0.7555680414,pearson_ADM_FEDM
20,0.7099853489,pearson_ADM_FEDM
20,0.7792044882,pearson_ADM_FEDM
20,0.7103787374,pearson_ADM_FEDM
20,0.7794633954,pearson_ADM_FEDM
20,0.7203638167,pearson_ADM_FEDM
22,0.653434057,pearson_ADM_FEDM
22,0.7017718269,pearson_ADM_FEDM
22,0.7484191733,pearson_ADM_FEDM
22,0.7539243614,pearson_ADM_FEDM
22,0.7551730319,pearson_ADM_FEDM
22,0.7986029897,pearson_ADM_FEDM
22,0.7045388587,pearson_ADM_FEDM
22,0.7189668122,pearson_ADM_FEDM
22,0.732027553,pearson_ADM_FEDM
22,0.7530194944,pearson_ADM_FEDM
22,0.7386102824,pearson_ADM_FEDM
22,0.7515654767,pearson_ADM_FEDM
22,0.776282739,pearson_ADM_FEDM
22,0.7075202605,pearson_ADM_FEDM
22,0.7213507553,pearson_ADM_FEDM
24,0.735918253,pearson_ADM_FEDM
24,0.7278863119,pearson_ADM_FEDM
24,0.7751815948,pearson_ADM_FEDM
24,0.7336016381,pearson_ADM_FEDM
24,0.7222045079,pearson_ADM_FEDM
24,0.7366466475,pearson_ADM_FEDM
24,0.7138244194,pearson_ADM_FEDM
24,0.7122348811,pearson_ADM_FEDM
24,0.7206372902,pearson_ADM_FEDM
24,0.7439130839,pearson_ADM_FEDM
24,0.71508315,pearson_ADM_FEDM
24,0.7556616822,pearson_ADM_FEDM
24,0.7421262155,pearson_ADM_FEDM
24,0.6961787975,pearson_ADM_FEDM
24,0.7232295372,pearson_ADM_FEDM
26,0.6935949102,pearson_ADM_FEDM
26,0.7229709675,pearson_ADM_FEDM
26,0.7366070933,pearson_ADM_FEDM
26,0.7703709458,pearson_ADM_FEDM
26,0.7537928215,pearson_ADM_FEDM
26,0.774453697,pearson_ADM_FEDM
26,0.6607183345,pearson_ADM_FEDM
26,0.7662584853,pearson_ADM_FEDM
26,0.7281223932,pearson_ADM_FEDM
26,0.7614335688,pearson_ADM_FEDM
26,0.7230731207,pearson_ADM_FEDM
26,0.7344456203,pearson_ADM_FEDM
26,0.7650543589,pearson_ADM_FEDM
26,0.7607670428,pearson_ADM_FEDM
26,0.7220423361,pearson_ADM_FEDM
28,0.7311905475,pearson_ADM_FEDM
28,0.7726728741,pearson_ADM_FEDM
28,0.7555966442,pearson_ADM_FEDM
28,0.6776303406,pearson_ADM_FEDM
28,0.7253940482,pearson_ADM_FEDM
28,0.729322969,pearson_ADM_FEDM
28,0.7441033553,pearson_ADM_FEDM
28,0.7174054884,pearson_ADM_FEDM
28,0.7865221866,pearson_ADM_FEDM
28,0.767339343,pearson_ADM_FEDM
28,0.7280020681,pearson_ADM_FEDM
28,0.7850412312,pearson_ADM_FEDM
28,0.749912982,pearson_ADM_FEDM
28,0.7397599714,pearson_ADM_FEDM
28,0.7461484545,pearson_ADM_FEDM
30,0.7368339814,pearson_ADM_FEDM
30,0.7876021507,pearson_ADM_FEDM
30,0.7866812488,pearson_ADM_FEDM
30,0.7808087589,pearson_ADM_FEDM
30,0.7781260198,pearson_ADM_FEDM
30,0.804254399,pearson_ADM_FEDM
30,0.7559625146,pearson_ADM_FEDM
30,0.7434335746,pearson_ADM_FEDM
30,0.7217404741,pearson_ADM_FEDM
30,0.7555751982,pearson_ADM_FEDM
30,0.7545494343,pearson_ADM_FEDM
30,0.7230697437,pearson_ADM_FEDM
30,0.7264528631,pearson_ADM_FEDM
30,0.7499603654,pearson_ADM_FEDM
30,0.7341719172,pearson_ADM_FEDM
32,0.7471458694,pearson_ADM_FEDM
32,0.7771227196,pearson_ADM_FEDM
32,0.7536456306,pearson_ADM_FEDM
32,0.7476301703,pearson_ADM_FEDM
32,0.7296354285,pearson_ADM_FEDM
32,0.7576278817,pearson_ADM_FEDM
32,0.7586137474,pearson_ADM_FEDM
32,0.785550315,pearson_ADM_FEDM
32,0.7410938475,pearson_ADM_FEDM
32,0.7503898234,pearson_ADM_FEDM
32,0.7021442143,pearson_ADM_FEDM
32,0.7456244035,pearson_ADM_FEDM
32,0.7546444331,pearson_ADM_FEDM
32,0.7533610461,pearson_ADM_FEDM
32,0.8086768488,pearson_ADM_FEDM
34,0.7880135506,pearson_ADM_FEDM
34,0.7478731875,pearson_ADM_FEDM
34,0.7485176934,pearson_ADM_FEDM
34,0.73132225,pearson_ADM_FEDM
34,0.755195506,pearson_ADM_FEDM
34,0.724819895,pearson_ADM_FEDM
34,0.6963169011,pearson_ADM_FEDM
34,0.6865527545,pearson_ADM_FEDM
34,0.7669982514,pearson_ADM_FEDM
34,0.7610181669,pearson_ADM_FEDM
34,0.7271644468,pearson_ADM_FEDM
34,0.7832827087,pearson_ADM_FEDM
34,0.7475257037,pearson_ADM_FEDM
34,0.7257301016,pearson_ADM_FEDM
34,0.7437566867,pearson_ADM_FEDM
36,0.6983747942,pearson_ADM_FEDM
36,0.7388892285,pearson_ADM_FEDM
36,0.7139276827,pearson_ADM_FEDM
36,0.7426076834,pearson_ADM_FEDM
36,0.7507052466,pearson_ADM_FEDM
36,0.7850669097,pearson_ADM_FEDM
36,0.7266959808,pearson_ADM_FEDM
36,0.7257500586,pearson_ADM_FEDM
36,0.756164836,pearson_ADM_FEDM
36,0.752555311,pearson_ADM_FEDM
36,0.7714894775,pearson_ADM_FEDM
36,0.7837358641,pearson_ADM_FEDM
36,0.7759569628,pearson_ADM_FEDM
36,0.7763243954,pearson_ADM_FEDM
36,0.8081538719,pearson_ADM_FEDM
38,0.773760343,pearson_ADM_FEDM
38,0.7552325366,pearson_ADM_FEDM
38,0.767096247,pearson_ADM_FEDM
38,0.7545846774,pearson_ADM_FEDM
38,0.7840658526,pearson_ADM_FEDM
38,0.7580387993,pearson_ADM_FEDM
38,0.7339079677,pearson_ADM_FEDM
38,0.7745268652,pearson_ADM_FEDM
38,0.7449114489,pearson_ADM_FEDM
38,0.7582929882,pearson_ADM_FEDM
38,0.768682113,pearson_ADM_FEDM
38,0.7534024178,pearson_ADM_FEDM
38,0.7292866597,pearson_ADM_FEDM
38,0.764460714,pearson_ADM_FEDM
38,0.7762439881,pearson_ADM_FEDM
40,0.7582579501,pearson_ADM_FEDM
40,0.7593378555,pearson_ADM_FEDM
40,0.7772255824,pearson_ADM_FEDM
40,0.7689868102,pearson_ADM_FEDM
40,0.7409699515,pearson_ADM_FEDM
40,0.7804274636,pearson_ADM_FEDM
40,0.7173021583,pearson_ADM_FEDM
40,0.7926118162,pearson_ADM_FEDM
40,0.7159614003,pearson_ADM_FEDM
40,0.776594229,pearson_ADM_FEDM
40,0.7044398393,pearson_ADM_FEDM
40,0.7335454891,pearson_ADM_FEDM
40,0.7632807061,pearson_ADM_FEDM
40,0.7991497418,pearson_ADM_FEDM
40,0.7183511882,pearson_ADM_FEDM
42,0.7553493574,pearson_ADM_FEDM
42,0.7860471779,pearson_ADM_FEDM
42,0.7687426514,pearson_ADM_FEDM
42,0.7642759477,pearson_ADM_FEDM
42,0.7673808302,pearson_ADM_FEDM
42,0.7927911095,pearson_ADM_FEDM
42,0.7703925723,pearson_ADM_FEDM
42,0.778854815,pearson_ADM_FEDM
42,0.773106938,pearson_ADM_FEDM
42,0.7388622677,pearson_ADM_FEDM
42,0.7774595487,pearson_ADM_FEDM
42,0.7602409117,pearson_ADM_FEDM
42,0.7881185894,pearson_ADM_FEDM
42,0.7582960499,pearson_ADM_FEDM
42,0.7770073174,pearson_ADM_FEDM
44,0.7759442241,pearson_ADM_FEDM
44,0.7384547391,pearson_ADM_FEDM
44,0.7547498217,pearson_ADM_FEDM
44,0.7923452253,pearson_ADM_FEDM
44,0.7688368627,pearson_ADM_FEDM
44,0.7451507775,pearson_ADM_FEDM
44,0.7793976852,pearson_ADM_FEDM
44,0.7757510311,pearson_ADM_FEDM
44,0.760759276,pearson_ADM_FEDM
44,0.7556397122,pearson_ADM_FEDM
44,0.7946322002,pearson_ADM_FEDM
44,0.765386634,pearson_ADM_FEDM
44,0.7854305521,pearson_ADM_FEDM
44,0.7649668225,pearson_ADM_FEDM
44,0.7151347375,pearson_ADM_FEDM
46,0.7583596564,pearson_ADM_FEDM
46,0.7544708293,pearson_ADM_FEDM
46,0.755969881,pearson_ADM_FEDM
46,0.7482391046,pearson_ADM_FEDM
46,0.7396715804,pearson_ADM_FEDM
46,0.7621027463,pearson_ADM_FEDM
46,0.6883178549,pearson_ADM_FEDM
46,0.7519147452,pearson_ADM_FEDM
46,0.7615729569,pearson_ADM_FEDM
46,0.7355175419,pearson_ADM_FEDM
46,0.7479405652,pearson_ADM_FEDM
46,0.7287064338,pearson_ADM_FEDM
46,0.7670200187,pearson_ADM_FEDM
46,0.7561349514,pearson_ADM_FEDM
46,0.7365081374,pearson_ADM_FEDM
48,0.7645483214,pearson_ADM_FEDM
48,0.7603173921,pearson_ADM_FEDM
48,0.7586620933,pearson_ADM_FEDM
48,0.719566112,pearson_ADM_FEDM
48,0.7637697717,pearson_ADM_FEDM
48,0.7897136402,pearson_ADM_FEDM
48,0.7390196653,pearson_ADM_FEDM
48,0.7711181078,pearson_ADM_FEDM
48,0.784131888,pearson_ADM_FEDM
48,0.7814556414,pearson_ADM_FEDM
48,0.7458553304,pearson_ADM_FEDM
48,0.7462441095,pearson_ADM_FEDM
48,0.7529185591,pearson_ADM_FEDM
48,0.7655151284,pearson_ADM_FEDM
48,0.7538904908,pearson_ADM_FEDM
50,0.8039933059,pearson_ADM_FEDM
50,0.7411005539,pearson_ADM_FEDM
50,0.7444235484,pearson_ADM_FEDM
50,0.7854608822,pearson_ADM_FEDM
50,0.703514765,pearson_ADM_FEDM
50,0.782111295,pearson_ADM_FEDM
50,0.782891208,pearson_ADM_FEDM
50,0.7829662994,pearson_ADM_FEDM
50,0.7739191081,pearson_ADM_FEDM
50,0.7626951738,pearson_ADM_FEDM
50,0.7608935016,pearson_ADM_FEDM
50,0.7777296917,pearson_ADM_FEDM
50,0.7668720155,pearson_ADM_FEDM
50,0.7651272056,pearson_ADM_FEDM
50,0.7833358861,pearson_ADM_FEDM
52,0.7948992014,pearson_ADM_FEDM
52,0.76690082,pearson_ADM_FEDM
52,0.7237430645,pearson_ADM_FEDM
52,0.7624424724,pearson_ADM_FEDM
52,0.7686000283,pearson_ADM_FEDM
52,0.7774233719,pearson_ADM_FEDM
52,0.7722034854,pearson_ADM_FEDM
52,0.7839215248,pearson_ADM_FEDM
52,0.7716606157,pearson_ADM_FEDM
52,0.7724494706,pearson_ADM_FEDM
52,0.767919408,pearson_ADM_FEDM
52,0.7765025504,pearson_ADM_FEDM
52,0.7672436194,pearson_ADM_FEDM
52,0.7863732458,pearson_ADM_FEDM
52,0.7658215878,pearson_ADM_FEDM
54,0.7594468127,pearson_ADM_FEDM
54,0.7932973904,pearson_ADM_FEDM
54,0.7697403699,pearson_ADM_FEDM
54,0.7632564166,pearson_ADM_FEDM
54,0.7777907486,pearson_ADM_FEDM
54,0.7749231083,pearson_ADM_FEDM
54,0.7770800033,pearson_ADM_FEDM
54,0.6813775765,pearson_ADM_FEDM
54,0.7509053254,pearson_ADM_FEDM
54,0.751990554,pearson_ADM_FEDM
54,0.7786825488,pearson_ADM_FEDM
54,0.7840310003,pearson_ADM_FEDM
54,0.7724323577,pearson_ADM_FEDM
54,0.7783783915,pearson_ADM_FEDM
54,0.7702890933,pearson_ADM_FEDM
56,0.7622373851,pearson_ADM_FEDM
56,0.7908815162,pearson_ADM_FEDM
56,0.7711725481,pearson_ADM_FEDM
56,0.7546788848,pearson_ADM_FEDM
56,0.7685063162,pearson_ADM_FEDM
56,0.7596854886,pearson_ADM_FEDM
56,0.7932056014,pearson_ADM_FEDM
56,0.7843260685,pearson_ADM_FEDM
56,0.7587740774,pearson_ADM_FEDM
56,0.7760316709,pearson_ADM_FEDM
56,0.7733593119,pearson_ADM_FEDM
56,0.7474304447,pearson_ADM_FEDM
56,0.8003957744,pearson_ADM_FEDM
56,0.7699642904,pearson_ADM_FEDM
56,0.7931061734,pearson_ADM_FEDM
58,0.7704233794,pearson_ADM_FEDM
58,0.7869894802,pearson_ADM_FEDM
58,0.7791520556,pearson_ADM_FEDM
58,0.7818009968,pearson_ADM_FEDM
58,0.7732255051,pearson_ADM_FEDM
58,0.7587399625,pearson_ADM_FEDM
58,0.7758514121,pearson_ADM_FEDM
58,0.7526704539,pearson_ADM_FEDM
58,0.7657205116,pearson_ADM_FEDM
58,0.7930224738,pearson_ADM_FEDM
58,0.7833815178,pearson_ADM_FEDM
58,0.7552607271,pearson_ADM_FEDM
58,0.7876902052,pearson_ADM_FEDM
58,0.7920294564,pearson_ADM_FEDM
58,0.7913433665,pearson_ADM_FEDM
4,0.5690117202,pearson_ADM_FEDM
4,0.6290079787,pearson_ADM_FEDM
4,0.6100144784,pearson_ADM_FEDM
4,0.6497197899,pearson_ADM_FEDM
4,0.550205964,pearson_ADM_FEDM
4,0.6119411212,pearson_ADM_FEDM
4,0.5984375602,pearson_ADM_FEDM
4,0.5472879356,pearson_ADM_FEDM
4,0.5865951623,pearson_ADM_FEDM
4,0.5495551121,pearson_ADM_FEDM
4,0.6330488279,pearson_ADM_FEDM
4,0.6436840398,pearson_ADM_FEDM
4,0.6880957959,pearson_ADM_FEDM
4,0.6956565359,pearson_ADM_FEDM
4,0.6047352839,pearson_ADM_FEDM
60,0.7415006077,pearson_ADM_FEDM
60,0.7338078039,pearson_ADM_FEDM
60,0.7711719347,pearson_ADM_FEDM
60,0.8015526793,pearson_ADM_FEDM
60,0.7649211029,pearson_ADM_FEDM
60,0.7614139067,pearson_ADM_FEDM
60,0.7762298872,pearson_ADM_FEDM
60,0.7962702437,pearson_ADM_FEDM
60,0.7914405251,pearson_ADM_FEDM
60,0.7707154135,pearson_ADM_FEDM
60,0.7944645104,pearson_ADM_FEDM
60,0.7786432614,pearson_ADM_FEDM
60,0.77866123,pearson_ADM_FEDM
60,0.7749465984,pearson_ADM_FEDM
60,0.7530900684,pearson_ADM_FEDM
62,0.7895161845,pearson_ADM_FEDM
62,0.7346817966,pearson_ADM_FEDM
62,0.7660940223,pearson_ADM_FEDM
62,0.7371512048,pearson_ADM_FEDM
62,0.7720250734,pearson_ADM_FEDM
62,0.7827415692,pearson_ADM_FEDM
62,0.7640965697,pearson_ADM_FEDM
62,0.7505131444,pearson_ADM_FEDM
62,0.7664312421,pearson_ADM_FEDM
62,0.7491846005,pearson_ADM_FEDM
62,0.7834057991,pearson_ADM_FEDM
62,0.7334567634,pearson_ADM_FEDM
62,0.7412640276,pearson_ADM_FEDM
62,0.7582742953,pearson_ADM_FEDM
62,0.7149771585,pearson_ADM_FEDM
64,0.8048105545,pearson_ADM_FEDM
64,0.792964233,pearson_ADM_FEDM
64,0.7699258095,pearson_ADM_FEDM
64,0.7959750018,pearson_ADM_FEDM
64,0.767065551,pearson_ADM_FEDM
64,0.7853096137,pearson_ADM_FEDM
64,0.7849966924,pearson_ADM_FEDM
64,0.7903387299,pearson_ADM_FEDM
64,0.781638635,pearson_ADM_FEDM
64,0.7620195383,pearson_ADM_FEDM
64,0.7951121061,pearson_ADM_FEDM
64,0.7820523637,pearson_ADM_FEDM
64,0.7925352714,pearson_ADM_FEDM
64,0.7883407664,pearson_ADM_FEDM
64,0.7522751065,pearson_ADM_FEDM
66,0.767297535,pearson_ADM_FEDM
66,0.775097052,pearson_ADM_FEDM
66,0.7827417902,pearson_ADM_FEDM
66,0.7977883937,pearson_ADM_FEDM
66,0.7528893267,pearson_ADM_FEDM
66,0.7686757409,pearson_ADM_FEDM
66,0.780913708,pearson_ADM_FEDM
66,0.7322519202,pearson_ADM_FEDM
66,0.7731853837,pearson_ADM_FEDM
66,0.7867820059,pearson_ADM_FEDM
66,0.7463082588,pearson_ADM_FEDM
66,0.7709657017,pearson_ADM_FEDM
66,0.7726863314,pearson_ADM_FEDM
66,0.7939251136,pearson_ADM_FEDM
66,0.7445470957,pearson_ADM_FEDM
68,0.7688968247,pearson_ADM_FEDM
68,0.7761051095,pearson_ADM_FEDM
68,0.7562050123,pearson_ADM_FEDM
68,0.7689450205,pearson_ADM_FEDM
68,0.7641187577,pearson_ADM_FEDM
68,0.7779483457,pearson_ADM_FEDM
68,0.7629218094,pearson_ADM_FEDM
68,0.7734338589,pearson_ADM_FEDM
68,0.7649650555,pearson_ADM_FEDM
68,0.7788990309,pearson_ADM_FEDM
68,0.7645064132,pearson_ADM_FEDM
68,0.8130835275,pearson_ADM_FEDM
68,0.7807863399,pearson_ADM_FEDM
68,0.7913058694,pearson_ADM_FEDM
68,0.7807550011,pearson_ADM_FEDM
70,0.758810265,pearson_ADM_FEDM
70,0.7793175067,pearson_ADM_FEDM
70,0.7773328964,pearson_ADM_FEDM
70,0.7484417422,pearson_ADM_FEDM
70,0.7918860094,pearson_ADM_FEDM
70,0.7534286035,pearson_ADM_FEDM
70,0.802876851,pearson_ADM_FEDM
70,0.7713580331,pearson_ADM_FEDM
70,0.7720640956,pearson_ADM_FEDM
70,0.731946982,pearson_ADM_FEDM
70,0.7727087973,pearson_ADM_FEDM
70,0.7842636918,pearson_ADM_FEDM
70,0.7557080283,pearson_ADM_FEDM
70,0.767428522,pearson_ADM_FEDM
70,0.7697265886,pearson_ADM_FEDM
72,0.7566863604,pearson_ADM_FEDM
72,0.7546929973,pearson_ADM_FEDM
72,0.8041706641,pearson_ADM_FEDM
72,0.7861435867,pearson_ADM_FEDM
72,0.8020733199,pearson_ADM_FEDM
72,0.7621116849,pearson_ADM_FEDM
72,0.7718046107,pearson_ADM_FEDM
72,0.7663091414,pearson_ADM_FEDM
72,0.7445957249,pearson_ADM_FEDM
72,0.7699169063,pearson_ADM_FEDM
72,0.7936175829,pearson_ADM_FEDM
72,0.7637966733,pearson_ADM_FEDM
72,0.7776659557,pearson_ADM_FEDM
72,0.771334028,pearson_ADM_FEDM
72,0.7757999775,pearson_ADM_FEDM
74,0.7734190066,pearson_ADM_FEDM
74,0.7500325992,pearson_ADM_FEDM
74,0.7878229785,pearson_ADM_FEDM
74,0.7678049812,pearson_ADM_FEDM
74,0.7877938123,pearson_ADM_FEDM
74,0.7559012014,pearson_ADM_FEDM
74,0.7915484303,pearson_ADM_FEDM
74,0.7692102805,pearson_ADM_FEDM
74,0.7583969728,pearson_ADM_FEDM
74,0.7470824412,pearson_ADM_FEDM
74,0.7861098869,pearson_ADM_FEDM
74,0.7723986215,pearson_ADM_FEDM
74,0.7761765957,pearson_ADM_FEDM
74,0.7528790913,pearson_ADM_FEDM
74,0.7587826163,pearson_ADM_FEDM
76,0.8025243879,pearson_ADM_FEDM
76,0.796875157,pearson_ADM_FEDM
76,0.7968116821,pearson_ADM_FEDM
76,0.7217151582,pearson_ADM_FEDM
76,0.7576537195,pearson_ADM_FEDM
76,0.7791042164,pearson_ADM_FEDM
76,0.7563046471,pearson_ADM_FEDM
76,0.7699125431,pearson_ADM_FEDM
76,0.7913174523,pearson_ADM_FEDM
76,0.7833109238,pearson_ADM_FEDM
76,0.7718805469,pearson_ADM_FEDM
76,0.7834207676,pearson_ADM_FEDM
76,0.7652534319,pearson_ADM_FEDM
76,0.7909400562,pearson_ADM_FEDM
76,0.7727187162,pearson_ADM_FEDM
78,0.8012598827,pearson_ADM_FEDM
78,0.7698252492,pearson_ADM_FEDM
78,0.7904090569,pearson_ADM_FEDM
78,0.7883161991,pearson_ADM_FEDM
78,0.7819439066,pearson_ADM_FEDM
78,0.7763213472,pearson_ADM_FEDM
78,0.7908353269,pearson_ADM_FEDM
78,0.7823043516,pearson_ADM_FEDM
78,0.7832813503,pearson_ADM_FEDM
78,0.7776817468,pearson_ADM_FEDM
78,0.7719428129,pearson_ADM_FEDM
78,0.7877600361,pearson_ADM_FEDM
78,0.7761674276,pearson_ADM_FEDM
78,0.7989664074,pearson_ADM_FEDM
78,0.7882266078,pearson_ADM_FEDM
6,0.6326200501,pearson_ADM_FEDM
6,0.7236708445,pearson_ADM_FEDM
6,0.7167346399,pearson_ADM_FEDM
6,0.6543760651,pearson_ADM_FEDM
6,0.6033962138,pearson_ADM_FEDM
6,0.7089832496,pearson_ADM_FEDM
6,0.6668654998,pearson_ADM_FEDM
6,0.5718236334,pearson_ADM_FEDM
6,0.7400818907,pearson_ADM_FEDM
6,0.5809149436,pearson_ADM_FEDM
6,0.6970860938,pearson_ADM_FEDM
6,0.6413012066,pearson_ADM_FEDM
6,0.6458694247,pearson_ADM_FEDM
6,0.7325226289,pearson_ADM_FEDM
6,0.6679979338,pearson_ADM_FEDM
80,0.7611659676,pearson_ADM_FEDM
80,0.7642755812,pearson_ADM_FEDM
80,0.7934826418,pearson_ADM_FEDM
80,0.7453118411,pearson_ADM_FEDM
80,0.7693305256,pearson_ADM_FEDM
80,0.7871674172,pearson_ADM_FEDM
80,0.7758267536,pearson_ADM_FEDM
80,0.772540591,pearson_ADM_FEDM
80,0.765471557,pearson_ADM_FEDM
80,0.7649532229,pearson_ADM_FEDM
80,0.7730874459,pearson_ADM_FEDM
80,0.7831818809,pearson_ADM_FEDM
80,0.794220843,pearson_ADM_FEDM
80,0.7866711022,pearson_ADM_FEDM
80,0.8057602449,pearson_ADM_FEDM
82,0.7912887972,pearson_ADM_FEDM
82,0.7939412269,pearson_ADM_FEDM
82,0.7729386798,pearson_ADM_FEDM
82,0.7367484248,pearson_ADM_FEDM
82,0.7831450718,pearson_ADM_FEDM
82,0.7836391606,pearson_ADM_FEDM
82,0.7784747643,pearson_ADM_FEDM
82,0.7775584691,pearson_ADM_FEDM
82,0.7998312852,pearson_ADM_FEDM
82,0.7602374359,pearson_ADM_FEDM
82,0.7788192611,pearson_ADM_FEDM
82,0.7381900485,pearson_ADM_FEDM
82,0.7408877338,pearson_ADM_FEDM
82,0.8008220414,pearson_ADM_FEDM
82,0.7660147018,pearson_ADM_FEDM
84,0.7812537848,pearson_ADM_FEDM
84,0.7958319554,pearson_ADM_FEDM
84,0.756664899,pearson_ADM_FEDM
84,0.7854369784,pearson_ADM_FEDM
84,0.7726170224,pearson_ADM_FEDM
84,0.7725554773,pearson_ADM_FEDM
84,0.7747890665,pearson_ADM_FEDM
84,0.7531643253,pearson_ADM_FEDM
84,0.7613138622,pearson_ADM_FEDM
84,0.7685534254,pearson_ADM_FEDM
84,0.7783928411,pearson_ADM_FEDM
84,0.7922353002,pearson_ADM_FEDM
84,0.7673099209,pearson_ADM_FEDM
84,0.7774112464,pearson_ADM_FEDM
84,0.7810843472,pearson_ADM_FEDM
86,0.7713996796,pearson_ADM_FEDM
86,0.7953684631,pearson_ADM_FEDM
86,0.7810874137,pearson_ADM_FEDM
86,0.7672701272,pearson_ADM_FEDM
86,0.7833860132,pearson_ADM_FEDM
86,0.7945601955,pearson_ADM_FEDM
86,0.7364030166,pearson_ADM_FEDM
86,0.7743821692,pearson_ADM_FEDM
86,0.7340257674,pearson_ADM_FEDM
86,0.7564352111,pearson_ADM_FEDM
86,0.7998906413,pearson_ADM_FEDM
86,0.7989365852,pearson_ADM_FEDM
86,0.7697995679,pearson_ADM_FEDM
86,0.7856046343,pearson_ADM_FEDM
86,0.7560648448,pearson_ADM_FEDM
88,0.7813229846,pearson_ADM_FEDM
88,0.7736688569,pearson_ADM_FEDM
88,0.774559062,pearson_ADM_FEDM
88,0.7728563637,pearson_ADM_FEDM
88,0.7588501587,pearson_ADM_FEDM
88,0.787329358,pearson_ADM_FEDM
88,0.7854238493,pearson_ADM_FEDM
88,0.7863491322,pearson_ADM_FEDM
88,0.7794909276,pearson_ADM_FEDM
88,0.7960084854,pearson_ADM_FEDM
88,0.7776363068,pearson_ADM_FEDM
88,0.7889714,pearson_ADM_FEDM
88,0.7746193976,pearson_ADM_FEDM
88,0.8032466292,pearson_ADM_FEDM
88,0.7822249542,pearson_ADM_FEDM
90,0.7823229006,pearson_ADM_FEDM
90,0.7762833745,pearson_ADM_FEDM
90,0.7784776957,pearson_ADM_FEDM
90,0.7705126078,pearson_ADM_FEDM
90,0.7818436086,pearson_ADM_FEDM
90,0.7567482973,pearson_ADM_FEDM
90,0.78964322,pearson_ADM_FEDM
90,0.7962125138,pearson_ADM_FEDM
90,0.7587315465,pearson_ADM_FEDM
90,0.7863437401,pearson_ADM_FEDM
90,0.7990210133,pearson_ADM_FEDM
90,0.7748498963,pearson_ADM_FEDM
90,0.7846957155,pearson_ADM_FEDM
90,0.7752531547,pearson_ADM_FEDM
90,0.7826028978,pearson_ADM_FEDM
92,0.7962134669,pearson_ADM_FEDM
92,0.7809595333,pearson_ADM_FEDM
92,0.7906949545,pearson_ADM_FEDM
92,0.7812090956,pearson_ADM_FEDM
92,0.7469721394,pearson_ADM_FEDM
92,0.7997360066,pearson_ADM_FEDM
92,0.788227409,pearson_ADM_FEDM
92,0.7803739682,pearson_ADM_FEDM
92,0.7589066863,pearson_ADM_FEDM
92,0.7897576633,pearson_ADM_FEDM
92,0.7702079058,pearson_ADM_FEDM
92,0.7766753042,pearson_ADM_FEDM
92,0.7706007552,pearson_ADM_FEDM
92,0.7882698535,pearson_ADM_FEDM
92,0.7611987034,pearson_ADM_FEDM
94,0.8003591033,pearson_ADM_FEDM
94,0.7610784709,pearson_ADM_FEDM
94,0.772484967,pearson_ADM_FEDM
94,0.7944798201,pearson_ADM_FEDM
94,0.7874175305,pearson_ADM_FEDM
94,0.7779367425,pearson_ADM_FEDM
94,0.7822101308,pearson_ADM_FEDM
94,0.8002238235,pearson_ADM_FEDM
94,0.7841541052,pearson_ADM_FEDM
94,0.7889274724,pearson_ADM_FEDM
94,0.7895904272,pearson_ADM_FEDM
94,0.7848766755,pearson_ADM_FEDM
94,0.7947404937,pearson_ADM_FEDM
94,0.7826104229,pearson_ADM_FEDM
94,0.7428244586,pearson_ADM_FEDM
96,0.7787284044,pearson_ADM_FEDM
96,0.774634711,pearson_ADM_FEDM
96,0.7831848115,pearson_ADM_FEDM
96,0.7605797708,pearson_ADM_FEDM
96,0.7776303001,pearson_ADM_FEDM
96,0.7643161239,pearson_ADM_FEDM
96,0.7619607446,pearson_ADM_FEDM
96,0.7978349117,pearson_ADM_FEDM
96,0.7959094106,pearson_ADM_FEDM
96,0.7874247152,pearson_ADM_FEDM
96,0.7541883313,pearson_ADM_FEDM
96,0.7742313015,pearson_ADM_FEDM
96,0.8017277696,pearson_ADM_FEDM
96,0.7705710943,pearson_ADM_FEDM
96,0.8006756846,pearson_ADM_FEDM
98,0.7684985681,pearson_ADM_FEDM
98,0.7628082532,pearson_ADM_FEDM
98,0.7926757264,pearson_ADM_FEDM
98,0.7764838294,pearson_ADM_FEDM
98,0.7609955421,pearson_ADM_FEDM
98,0.8009860292,pearson_ADM_FEDM
98,0.7901326054,pearson_ADM_FEDM
98,0.7714626246,pearson_ADM_FEDM
98,0.7529442643,pearson_ADM_FEDM
98,0.7841927458,pearson_ADM_FEDM
98,0.7795135086,pearson_ADM_FEDM
98,0.7746886222,pearson_ADM_FEDM
98,0.7912563542,pearson_ADM_FEDM
98,0.7968507602,pearson_ADM_FEDM
98,0.7836493183,pearson_ADM_FEDM
8,0.6787040727,pearson_ADM_FEDM
8,0.5834862957,pearson_ADM_FEDM
8,0.6366320929,pearson_ADM_FEDM
8,0.6437030851,pearson_ADM_FEDM
8,0.6528306154,pearson_ADM_FEDM
8,0.719125012,pearson_ADM_FEDM
8,0.7672935315,pearson_ADM_FEDM
8,0.6656058311,pearson_ADM_FEDM
8,0.687283398,pearson_ADM_FEDM
8,0.7039171722,pearson_ADM_FEDM
8,0.6810098543,pearson_ADM_FEDM
8,0.6867559971,pearson_ADM_FEDM
8,0.7047870404,pearson_ADM_FEDM
8,0.6836142378,pearson_ADM_FEDM
8,0.6844413649,pearson_ADM_FEDM
100,0.8118243684,pearson_ADM_FEDM
100,0.7939831914,pearson_ADM_FEDM
100,0.7739253178,pearson_ADM_FEDM
100,0.7735342474,pearson_ADM_FEDM
100,0.7816724217,pearson_ADM_FEDM
100,0.7741801438,pearson_ADM_FEDM
100,0.7723582462,pearson_ADM_FEDM
100,0.7615983195,pearson_ADM_FEDM
100,0.7965196063,pearson_ADM_FEDM
100,0.7891572902,pearson_ADM_FEDM
100,0.7737909686,pearson_ADM_FEDM
100,0.7972048725,pearson_ADM_FEDM
100,0.7766794927,pearson_ADM_FEDM
100,0.7883008731,pearson_ADM_FEDM
100,0.7639483062,pearson_ADM_FEDM
10,0.7499817309,pearson_ADM_FEDM
10,0.6771431668,pearson_ADM_FEDM
10,0.7204565789,pearson_ADM_FEDM
10,0.6528609932,pearson_ADM_FEDM
10,0.61255238,pearson_ADM_FEDM
10,0.7330597712,pearson_ADM_FEDM
10,0.7183826089,pearson_ADM_FEDM
10,0.6380060169,pearson_ADM_FEDM
10,0.7331932983,pearson_ADM_FEDM
10,0.6904013663,pearson_ADM_FEDM
10,0.6768506758,pearson_ADM_FEDM
10,0.682783893,pearson_ADM_FEDM
10,0.6049805197,pearson_ADM_FEDM
10,0.7138444293,pearson_ADM_FEDM
10,0.7157890322,pearson_ADM_FEDM
12,0.6702264856,pearson_ADM_FEDM
12,0.6883539724,pearson_ADM_FEDM
12,0.6867188341,pearson_ADM_FEDM
12,0.6589376759,pearson_ADM_FEDM
12,0.7612812909,pearson_ADM_FEDM
12,0.7776211607,pearson_ADM_FEDM
12,0.749727455,pearson_ADM_FEDM
12,0.7799498202,pearson_ADM_FEDM
12,0.7112741025,pearson_ADM_FEDM
12,0.6579362018,pearson_ADM_FEDM
12,0.6977796069,pearson_ADM_FEDM
12,0.6612144157,pearson_ADM_FEDM
12,0.7169886381,pearson_ADM_FEDM
12,0.7109192931,pearson_ADM_FEDM
12,0.7431310017,pearson_ADM_FEDM
14,0.7717817293,pearson_ADM_FEDM
14,0.6466348672,pearson_ADM_FEDM
14,0.7363374981,pearson_ADM_FEDM
14,0.6804330809,pearson_ADM_FEDM
14,0.6785761027,pearson_ADM_FEDM
14,0.7150936499,pearson_ADM_FEDM
14,0.5933977248,pearson_ADM_FEDM
14,0.7317700999,pearson_ADM_FEDM
14,0.7687311763,pearson_ADM_FEDM
14,0.6569311996,pearson_ADM_FEDM
14,0.729126319,pearson_ADM_FEDM
14,0.6169844588,pearson_ADM_FEDM
14,0.6654413781,pearson_ADM_FEDM
14,0.7066885616,pearson_ADM_FEDM
14,0.7078813325,pearson_ADM_FEDM
16,0.7262988046,pearson_ADM_FEDM
16,0.6888938131,pearson_ADM_FEDM
16,0.6942477973,pearson_ADM_FEDM
16,0.7212019214,pearson_ADM_FEDM
16,0.7607965379,pearson_ADM_FEDM
16,0.7357039302,pearson_ADM_FEDM
16,0.6996051306,pearson_ADM_FEDM
16,0.7334895207,pearson_ADM_FEDM
16,0.7092321731,pearson_ADM_FEDM
16,0.7737013343,pearson_ADM_FEDM
16,0.6402036762,pearson_ADM_FEDM
16,0.7302245315,pearson_ADM_FEDM
16,0.7419571512,pearson_ADM_FEDM
16,0.7152120881,pearson_ADM_FEDM
16,0.7416183765,pearson_ADM_FEDM
18,0.7169023191,pearson_ADM_FEDM
18,0.7237065019,pearson_ADM_FEDM
18,0.7720847247,pearson_ADM_FEDM
18,0.6806790943,pearson_ADM_FEDM
18,0.7218677251,pearson_ADM_FEDM
18,0.7559616103,pearson_ADM_FEDM
18,0.6864669754,pearson_ADM_FEDM
18,0.7571403688,pearson_ADM_FEDM
18,0.7245203799,pearson_ADM_FEDM
18,0.757339216,pearson_ADM_FEDM
18,0.6581626482,pearson_ADM_FEDM
18,0.7132483468,pearson_ADM_FEDM
18,0.7585112852,pearson_ADM_FEDM
18,0.7299704444,pearson_ADM_FEDM
18,0.6974471056,pearson_ADM_FEDM
20,0.6908349657,spearman_ADM_PEDM
20,0.7017964809,spearman_ADM_PEDM
20,0.7099412522,spearman_ADM_PEDM
20,0.6932797702,spearman_ADM_PEDM
20,0.6939790886,spearman_ADM_PEDM
20,0.6998726718,spearman_ADM_PEDM
20,0.7014453006,spearman_ADM_PEDM
20,0.6993011568,spearman_ADM_PEDM
20,0.6785570559,spearman_ADM_PEDM
20,0.7018227021,spearman_ADM_PEDM
20,0.7035742782,spearman_ADM_PEDM
20,0.694781087,spearman_ADM_PEDM
20,0.694583618,spearman_ADM_PEDM
20,0.7184572738,spearman_ADM_PEDM
20,0.6959204569,spearman_ADM_PEDM
22,0.6957135724,spearman_ADM_PEDM
22,0.6946490001,spearman_ADM_PEDM
22,0.7104233384,spearman_ADM_PEDM
22,0.7046528522,spearman_ADM_PEDM
22,0.702828663,spearman_ADM_PEDM
22,0.6962586742,spearman_ADM_PEDM
22,0.6935155879,spearman_ADM_PEDM
22,0.7091826531,spearman_ADM_PEDM
22,0.7017112397,spearman_ADM_PEDM
22,0.6898997305,spearman_ADM_PEDM
22,0.697699997,spearman_ADM_PEDM
22,0.7128003559,spearman_ADM_PEDM
22,0.7067747454,spearman_ADM_PEDM
22,0.7062045049,spearman_ADM_PEDM
22,0.7047377367,spearman_ADM_PEDM
24,0.7086771951,spearman_ADM_PEDM
24,0.6903755206,spearman_ADM_PEDM
24,0.7227973727,spearman_ADM_PEDM
24,0.7219354458,spearman_ADM_PEDM
24,0.7131484733,spearman_ADM_PEDM
24,0.7000242365,spearman_ADM_PEDM
24,0.7073868759,spearman_ADM_PEDM
24,0.7060324187,spearman_ADM_PEDM
24,0.7106761639,spearman_ADM_PEDM
24,0.7204518859,spearman_ADM_PEDM
24,0.7101821506,spearman_ADM_PEDM
24,0.7011035958,spearman_ADM_PEDM
24,0.7081133079,spearman_ADM_PEDM
24,0.7132847702,spearman_ADM_PEDM
24,0.6902325598,spearman_ADM_PEDM
26,0.7039121034,spearman_ADM_PEDM
26,0.7061360949,spearman_ADM_PEDM
26,0.7094022292,spearman_ADM_PEDM
26,0.6865023233,spearman_ADM_PEDM
26,0.7179435892,spearman_ADM_PEDM
26,0.7106431898,spearman_ADM_PEDM
26,0.7197496554,spearman_ADM_PEDM
26,0.7076325824,spearman_ADM_PEDM
26,0.7075644975,spearman_ADM_PEDM
26,0.7247598915,spearman_ADM_PEDM
26,0.713602938,spearman_ADM_PEDM
26,0.7217237393,spearman_ADM_PEDM
26,0.7033074815,spearman_ADM_PEDM
26,0.7106447894,spearman_ADM_PEDM
26,0.709189988,spearman_ADM_PEDM
28,0.7197300327,spearman_ADM_PEDM
28,0.7174489684,spearman_ADM_PEDM
28,0.7140285845,spearman_ADM_PEDM
28,0.7044948349,spearman_ADM_PEDM
28,0.707470759,spearman_ADM_PEDM
28,0.7008260088,spearman_ADM_PEDM
28,0.7174239892,spearman_ADM_PEDM
28,0.7001417865,spearman_ADM_PEDM
28,0.7122767907,spearman_ADM_PEDM
28,0.7077533315,spearman_ADM_PEDM
28,0.7080646933,spearman_ADM_PEDM
28,0.7150214463,spearman_ADM_PEDM
28,0.7087366095,spearman_ADM_PEDM
28,0.7037710102,spearman_ADM_PEDM
28,0.7110741081,spearman_ADM_PEDM
30,0.717582597,spearman_ADM_PEDM
30,0.6995674816,spearman_ADM_PEDM
30,0.7114867393,spearman_ADM_PEDM
30,0.7087159073,spearman_ADM_PEDM
30,0.7067355298,spearman_ADM_PEDM
30,0.7234435961,spearman_ADM_PEDM
30,0.7077970675,spearman_ADM_PEDM
30,0.7083885615,spearman_ADM_PEDM
30,0.7164526169,spearman_ADM_PEDM
30,0.7137062422,spearman_ADM_PEDM
30,0.7023234551,spearman_ADM_PEDM
30,0.7169525001,spearman_ADM_PEDM
30,0.716822033,spearman_ADM_PEDM
30,0.7035285891,spearman_ADM_PEDM
30,0.7103394146,spearman_ADM_PEDM
32,0.7268623756,spearman_ADM_PEDM
32,0.7099014848,spearman_ADM_PEDM
32,0.7268405661,spearman_ADM_PEDM
32,0.70617595,spearman_ADM_PEDM
32,0.7114515024,spearman_ADM_PEDM
32,0.7116160905,spearman_ADM_PEDM
32,0.7145944931,spearman_ADM_PEDM
32,0.7190024734,spearman_ADM_PEDM
32,0.7071752688,spearman_ADM_PEDM
32,0.7056179515,spearman_ADM_PEDM
32,0.6973498526,spearman_ADM_PEDM
32,0.7065627522,spearman_ADM_PEDM
32,0.7228045272,spearman_ADM_PEDM
32,0.7053941132,spearman_ADM_PEDM
32,0.7136752494,spearman_ADM_PEDM
34,0.7206010907,spearman_ADM_PEDM
34,0.7096114564,spearman_ADM_PEDM
34,0.7041434221,spearman_ADM_PEDM
34,0.7181433455,spearman_ADM_PEDM
34,0.7061987694,spearman_ADM_PEDM
34,0.7092599279,spearman_ADM_PEDM
34,0.7193502978,spearman_ADM_PEDM
34,0.725245197,spearman_ADM_PEDM
34,0.7038293325,spearman_ADM_PEDM
34,0.7115508773,spearman_ADM_PEDM
34,0.7171447628,spearman_ADM_PEDM
34,0.7202611586,spearman_ADM_PEDM
34,0.7176618964,spearman_ADM_PEDM
34,0.7197661182,spearman_ADM_PEDM
34,0.7088741297,spearman_ADM_PEDM
36,0.7215792267,spearman_ADM_PEDM
36,0.7132808868,spearman_ADM_PEDM
36,0.7310095355,spearman_ADM_PEDM
36,0.7168961044,spearman_ADM_PEDM
36,0.7313182087,spearman_ADM_PEDM
36,0.7207002361,spearman_ADM_PEDM
36,0.7167581761,spearman_ADM_PEDM
36,0.7131893352,spearman_ADM_PEDM
36,0.7128074793,spearman_ADM_PEDM
36,0.73421573,spearman_ADM_PEDM
36,0.7247366219,spearman_ADM_PEDM
36,0.7238760038,spearman_ADM_PEDM
36,0.7257969417,spearman_ADM_PEDM
36,0.7173570507,spearman_ADM_PEDM
36,0.7285682067,spearman_ADM_PEDM
38,0.7198149767,spearman_ADM_PEDM
38,0.7240448779,spearman_ADM_PEDM
38,0.7208599588,spearman_ADM_PEDM
38,0.7211089458,spearman_ADM_PEDM
38,0.7143750522,spearman_ADM_PEDM
38,0.7217682966,spearman_ADM_PEDM
38,0.7188267313,spearman_ADM_PEDM
38,0.7174232054,spearman_ADM_PEDM
38,0.7269912487,spearman_ADM_PEDM
38,0.7071900359,spearman_ADM_PEDM
38,0.7175129498,spearman_ADM_PEDM
38,0.7130879686,spearman_ADM_PEDM
38,0.7207182212,spearman_ADM_PEDM
38,0.728954348,spearman_ADM_PEDM
38,0.717095339,spearman_ADM_PEDM
40,0.7198253568,spearman_ADM_PEDM
40,0.7352369565,spearman_ADM_PEDM
40,0.7231305417,spearman_ADM_PEDM
40,0.7245175035,spearman_ADM_PEDM
40,0.7202792464,spearman_ADM_PEDM
40,0.7074259343,spearman_ADM_PEDM
40,0.7214256045,spearman_ADM_PEDM
40,0.7256107451,spearman_ADM_PEDM
40,0.7139269863,spearman_ADM_PEDM
40,0.7064911839,spearman_ADM_PEDM
40,0.7169839758,spearman_ADM_PEDM
40,0.7097392787,spearman_ADM_PEDM
40,0.7259045922,spearman_ADM_PEDM
40,0.7240569852,spearman_ADM_PEDM
40,0.7320237232,spearman_ADM_PEDM
42,0.7234275945,spearman_ADM_PEDM
42,0.7080831614,spearman_ADM_PEDM
42,0.703194173,spearman_ADM_PEDM
42,0.7143422916,spearman_ADM_PEDM
42,0.7274502995,spearman_ADM_PEDM
42,0.7247126831,spearman_ADM_PEDM
42,0.7316132025,spearman_ADM_PEDM
42,0.7282970117,spearman_ADM_PEDM
42,0.7197604804,spearman_ADM_PEDM
42,0.7344917919,spearman_ADM_PEDM
42,0.725315334,spearman_ADM_PEDM
42,0.7275102831,spearman_ADM_PEDM
42,0.7268342522,spearman_ADM_PEDM
42,0.7313115898,spearman_ADM_PEDM
42,0.7138660585,spearman_ADM_PEDM
44,0.7303073865,spearman_ADM_PEDM
44,0.7381915307,spearman_ADM_PEDM
44,0.7292709282,spearman_ADM_PEDM
44,0.7265253822,spearman_ADM_PEDM
44,0.7240810393,spearman_ADM_PEDM
44,0.7181750769,spearman_ADM_PEDM
44,0.7172241937,spearman_ADM_PEDM
44,0.7142386228,spearman_ADM_PEDM
44,0.7240014082,spearman_ADM_PEDM
44,0.7341012635,spearman_ADM_PEDM
44,0.7207935199,spearman_ADM_PEDM
44,0.7174329063,spearman_ADM_PEDM
44,0.7050374248,spearman_ADM_PEDM
44,0.7170359601,spearman_ADM_PEDM
44,0.7274817118,spearman_ADM_PEDM
46,0.7233376099,spearman_ADM_PEDM
46,0.7213193385,spearman_ADM_PEDM
46,0.7433044245,spearman_ADM_PEDM
46,0.7268742588,spearman_ADM_PEDM
46,0.7176741987,spearman_ADM_PEDM
46,0.7359588496,spearman_ADM_PEDM
46,0.7378596352,spearman_ADM_PEDM
46,0.7243281946,spearman_ADM_PEDM
46,0.7352942565,spearman_ADM_PEDM
46,0.7248503518,spearman_ADM_PEDM
46,0.7215963022,spearman_ADM_PEDM
46,0.7225157918,spearman_ADM_PEDM
46,0.7251485507,spearman_ADM_PEDM
46,0.7262801673,spearman_ADM_PEDM
46,0.7203255684,spearman_ADM_PEDM
48,0.7238548408,spearman_ADM_PEDM
48,0.7413893528,spearman_ADM_PEDM
48,0.7353577522,spearman_ADM_PEDM
48,0.7402609837,spearman_ADM_PEDM
48,0.731812339,spearman_ADM_PEDM
48,0.7347362194,spearman_ADM_PEDM
48,0.7275996246,spearman_ADM_PEDM
48,0.7345746771,spearman_ADM_PEDM
48,0.7285397261,spearman_ADM_PEDM
48,0.7330583912,spearman_ADM_PEDM
48,0.7333112181,spearman_ADM_PEDM
48,0.7318504238,spearman_ADM_PEDM
48,0.7286057753,spearman_ADM_PEDM
48,0.7224248051,spearman_ADM_PEDM
48,0.7422961131,spearman_ADM_PEDM
50,0.7366039038,spearman_ADM_PEDM
50,0.7279890056,spearman_ADM_PEDM
50,0.7308224172,spearman_ADM_PEDM
50,0.7455190422,spearman_ADM_PEDM
50,0.731610463,spearman_ADM_PEDM
50,0.7262319444,spearman_ADM_PEDM
50,0.7354504451,spearman_ADM_PEDM
50,0.7361761553,spearman_ADM_PEDM
50,0.7394712343,spearman_ADM_PEDM
50,0.7188197771,spearman_ADM_PEDM
50,0.7285320195,spearman_ADM_PEDM
50,0.7443426199,spearman_ADM_PEDM
50,0.7322559978,spearman_ADM_PEDM
50,0.7397446554,spearman_ADM_PEDM
50,0.7329069737,spearman_ADM_PEDM
52,0.7384179315,spearman_ADM_PEDM
52,0.7360170303,spearman_ADM_PEDM
52,0.740343129,spearman_ADM_PEDM
52,0.7363402614,spearman_ADM_PEDM
52,0.7249365295,spearman_ADM_PEDM
52,0.7276909124,spearman_ADM_PEDM
52,0.7212207959,spearman_ADM_PEDM
52,0.7385615685,spearman_ADM_PEDM
52,0.7290707085,spearman_ADM_PEDM
52,0.7227453668,spearman_ADM_PEDM
52,0.7297485768,spearman_ADM_PEDM
52,0.7316928835,spearman_ADM_PEDM
52,0.7252687422,spearman_ADM_PEDM
52,0.7334429531,spearman_ADM_PEDM
52,0.730201313,spearman_ADM_PEDM
54,0.7298281947,spearman_ADM_PEDM
54,0.7332054611,spearman_ADM_PEDM
54,0.7460985171,spearman_ADM_PEDM
54,0.7393764265,spearman_ADM_PEDM
54,0.7421733236,spearman_ADM_PEDM
54,0.722130515,spearman_ADM_PEDM
54,0.7352737075,spearman_ADM_PEDM
54,0.7419193169,spearman_ADM_PEDM
54,0.7365089791,spearman_ADM_PEDM
54,0.7309155526,spearman_ADM_PEDM
54,0.7281788245,spearman_ADM_PEDM
54,0.7221714835,spearman_ADM_PEDM
54,0.7336216277,spearman_ADM_PEDM
54,0.7250342716,spearman_ADM_PEDM
54,0.731001855,spearman_ADM_PEDM
56,0.7405555888,spearman_ADM_PEDM
56,0.7329505454,spearman_ADM_PEDM
56,0.7359275185,spearman_ADM_PEDM
56,0.7419121843,spearman_ADM_PEDM
56,0.7403913448,spearman_ADM_PEDM
56,0.7422356205,spearman_ADM_PEDM
56,0.7364060729,spearman_ADM_PEDM
56,0.7373230738,spearman_ADM_PEDM
56,0.7447211677,spearman_ADM_PEDM
56,0.7473676053,spearman_ADM_PEDM
56,0.7404429442,spearman_ADM_PEDM
56,0.7301661186,spearman_ADM_PEDM
56,0.7347847834,spearman_ADM_PEDM
56,0.7427217065,spearman_ADM_PEDM
56,0.7326060497,spearman_ADM_PEDM
58,0.7437126872,spearman_ADM_PEDM
58,0.7391264597,spearman_ADM_PEDM
58,0.7348008017,spearman_ADM_PEDM
58,0.7388023292,spearman_ADM_PEDM
58,0.7461534013,spearman_ADM_PEDM
58,0.744385819,spearman_ADM_PEDM
58,0.7272580034,spearman_ADM_PEDM
58,0.745888469,spearman_ADM_PEDM
58,0.737677085,spearman_ADM_PEDM
58,0.7349053359,spearman_ADM_PEDM
58,0.7395392776,spearman_ADM_PEDM
58,0.7260132815,spearman_ADM_PEDM
58,0.7315801806,spearman_ADM_PEDM
58,0.7428392994,spearman_ADM_PEDM
58,0.7298542504,spearman_ADM_PEDM
4,0.5724961028,spearman_ADM_PEDM
4,0.5635124916,spearman_ADM_PEDM
4,0.5615249218,spearman_ADM_PEDM
4,0.5575420448,spearman_ADM_PEDM
4,0.5541783774,spearman_ADM_PEDM
4,0.5458823308,spearman_ADM_PEDM
4,0.5609937562,spearman_ADM_PEDM
4,0.5567483486,spearman_ADM_PEDM
4,0.5579366627,spearman_ADM_PEDM
4,0.5596842529,spearman_ADM_PEDM
4,0.5526109146,spearman_ADM_PEDM
4,0.5606936307,spearman_ADM_PEDM
4,0.5408732714,spearman_ADM_PEDM
4,0.5640164686,spearman_ADM_PEDM
4,0.5563342852,spearman_ADM_PEDM
60,0.7345220495,spearman_ADM_PEDM
60,0.7324501319,spearman_ADM_PEDM
60,0.7331961713,spearman_ADM_PEDM
60,0.7347489148,spearman_ADM_PEDM
60,0.7388346831,spearman_ADM_PEDM
60,0.7428901482,spearman_ADM_PEDM
60,0.7533040408,spearman_ADM_PEDM
60,0.7447652018,spearman_ADM_PEDM
60,0.7399550335,spearman_ADM_PEDM
60,0.7526321079,spearman_ADM_PEDM
60,0.7420001337,spearman_ADM_PEDM
60,0.7445546552,spearman_ADM_PEDM
60,0.7429076191,spearman_ADM_PEDM
60,0.7394527929,spearman_ADM_PEDM
60,0.7465789025,spearman_ADM_PEDM
62,0.741600033,spearman_ADM_PEDM
62,0.7512153564,spearman_ADM_PEDM
62,0.741839812,spearman_ADM_PEDM
62,0.7316964332,spearman_ADM_PEDM
62,0.7380140341,spearman_ADM_PEDM
62,0.7443667389,spearman_ADM_PEDM
62,0.7377657036,spearman_ADM_PEDM
62,0.7519011122,spearman_ADM_PEDM
62,0.7429714599,spearman_ADM_PEDM
62,0.7461544792,spearman_ADM_PEDM
62,0.7456605511,spearman_ADM_PEDM
62,0.741105081,spearman_ADM_PEDM
62,0.7427846485,spearman_ADM_PEDM
62,0.7313905464,spearman_ADM_PEDM
62,0.7343157438,spearman_ADM_PEDM
64,0.7453175418,spearman_ADM_PEDM
64,0.7427883366,spearman_ADM_PEDM
64,0.7528680529,spearman_ADM_PEDM
64,0.7418143239,spearman_ADM_PEDM
64,0.7319005804,spearman_ADM_PEDM
64,0.7274146152,spearman_ADM_PEDM
64,0.7404568105,spearman_ADM_PEDM
64,0.7321451463,spearman_ADM_PEDM
64,0.742317621,spearman_ADM_PEDM
64,0.7532178114,spearman_ADM_PEDM
64,0.7351306193,spearman_ADM_PEDM
64,0.7414029848,spearman_ADM_PEDM
64,0.7440948838,spearman_ADM_PEDM
64,0.7441743384,spearman_ADM_PEDM
64,0.7373465458,spearman_ADM_PEDM
66,0.7526926715,spearman_ADM_PEDM
66,0.7535862288,spearman_ADM_PEDM
66,0.7435878535,spearman_ADM_PEDM
66,0.7427339317,spearman_ADM_PEDM
66,0.7461184095,spearman_ADM_PEDM
66,0.7385136427,spearman_ADM_PEDM
66,0.7471615306,spearman_ADM_PEDM
66,0.748363271,spearman_ADM_PEDM
66,0.7461660689,spearman_ADM_PEDM
66,0.7424683213,spearman_ADM_PEDM
66,0.7426814169,spearman_ADM_PEDM
66,0.7333262807,spearman_ADM_PEDM
66,0.7388047019,spearman_ADM_PEDM
66,0.741915051,spearman_ADM_PEDM
66,0.73745176,spearman_ADM_PEDM
68,0.752990115,spearman_ADM_PEDM
68,0.736707928,spearman_ADM_PEDM
68,0.7502087686,spearman_ADM_PEDM
68,0.7535901959,spearman_ADM_PEDM
68,0.7390821994,spearman_ADM_PEDM
68,0.7363227285,spearman_ADM_PEDM
68,0.7360575711,spearman_ADM_PEDM
68,0.7438412813,spearman_ADM_PEDM
68,0.740930207,spearman_ADM_PEDM
68,0.7363774851,spearman_ADM_PEDM
68,0.7385472657,spearman_ADM_PEDM
68,0.7491707101,spearman_ADM_PEDM
68,0.7459931187,spearman_ADM_PEDM
68,0.7328440042,spearman_ADM_PEDM
68,0.7418363886,spearman_ADM_PEDM
70,0.7554392083,spearman_ADM_PEDM
70,0.7503779554,spearman_ADM_PEDM
70,0.7523468224,spearman_ADM_PEDM
70,0.7520986113,spearman_ADM_PEDM
70,0.744821868,spearman_ADM_PEDM
70,0.7399834348,spearman_ADM_PEDM
70,0.7436066065,spearman_ADM_PEDM
70,0.7381824583,spearman_ADM_PEDM
70,0.74370723,spearman_ADM_PEDM
70,0.7409739799,spearman_ADM_PEDM
70,0.7493804459,spearman_ADM_PEDM
70,0.745348553,spearman_ADM_PEDM
70,0.7514208745,spearman_ADM_PEDM
70,0.743587914,spearman_ADM_PEDM
70,0.7445416716,spearman_ADM_PEDM
72,0.7558750638,spearman_ADM_PEDM
72,0.7363938962,spearman_ADM_PEDM
72,0.7513848681,spearman_ADM_PEDM
72,0.7540962423,spearman_ADM_PEDM
72,0.7457699482,spearman_ADM_PEDM
72,0.746178509,spearman_ADM_PEDM
72,0.7407055812,spearman_ADM_PEDM
72,0.7418196744,spearman_ADM_PEDM
72,0.7543104438,spearman_ADM_PEDM
72,0.7447552732,spearman_ADM_PEDM
72,0.7465057763,spearman_ADM_PEDM
72,0.7374391106,spearman_ADM_PEDM
72,0.7501622591,spearman_ADM_PEDM
72,0.7465650113,spearman_ADM_PEDM
72,0.739896983,spearman_ADM_PEDM
74,0.751387106,spearman_ADM_PEDM
74,0.7561907996,spearman_ADM_PEDM
74,0.7390322453,spearman_ADM_PEDM
74,0.7476096202,spearman_ADM_PEDM
74,0.744935456,spearman_ADM_PEDM
74,0.7322665284,spearman_ADM_PEDM
74,0.7424497573,spearman_ADM_PEDM
74,0.7468965977,spearman_ADM_PEDM
74,0.7463533011,spearman_ADM_PEDM
74,0.7370503996,spearman_ADM_PEDM
74,0.7474033325,spearman_ADM_PEDM
74,0.7521438603,spearman_ADM_PEDM
74,0.7433154994,spearman_ADM_PEDM
74,0.7499655673,spearman_ADM_PEDM
74,0.7608768036,spearman_ADM_PEDM
76,0.741733817,spearman_ADM_PEDM
76,0.7513805834,spearman_ADM_PEDM
76,0.7437497302,spearman_ADM_PEDM
76,0.7561636986,spearman_ADM_PEDM
76,0.7394077452,spearman_ADM_PEDM
76,0.7592235248,spearman_ADM_PEDM
76,0.7532186617,spearman_ADM_PEDM
76,0.7462716513,spearman_ADM_PEDM
76,0.7502503797,spearman_ADM_PEDM
76,0.7291190375,spearman_ADM_PEDM
76,0.740780761,spearman_ADM_PEDM
76,0.7436931747,spearman_ADM_PEDM
76,0.756027184,spearman_ADM_PEDM
76,0.7318864225,spearman_ADM_PEDM
76,0.7504339186,spearman_ADM_PEDM
78,0.7428802564,spearman_ADM_PEDM
78,0.7494683735,spearman_ADM_PEDM
78,0.7577764735,spearman_ADM_PEDM
78,0.7633578544,spearman_ADM_PEDM
78,0.7385317085,spearman_ADM_PEDM
78,0.7462166484,spearman_ADM_PEDM
78,0.7501658019,spearman_ADM_PEDM
78,0.7562044341,spearman_ADM_PEDM
78,0.7364050798,spearman_ADM_PEDM
78,0.7471763364,spearman_ADM_PEDM
78,0.7489630084,spearman_ADM_PEDM
78,0.7433457469,spearman_ADM_PEDM
78,0.7519319058,spearman_ADM_PEDM
78,0.7536499859,spearman_ADM_PEDM
78,0.7507879894,spearman_ADM_PEDM
6,0.6614976888,spearman_ADM_PEDM
6,0.6252570734,spearman_ADM_PEDM
6,0.6403560834,spearman_ADM_PEDM
6,0.6489824084,spearman_ADM_PEDM
6,0.6317897789,spearman_ADM_PEDM
6,0.6037439597,spearman_ADM_PEDM
6,0.6069903178,spearman_ADM_PEDM
6,0.6111555741,spearman_ADM_PEDM
6,0.6046053123,spearman_ADM_PEDM
6,0.5972839545,spearman_ADM_PEDM
6,0.6293315847,spearman_ADM_PEDM
6,0.6226935936,spearman_ADM_PEDM
6,0.6622005187,spearman_ADM_PEDM
6,0.634015638,spearman_ADM_PEDM
6,0.6017084395,spearman_ADM_PEDM
80,0.7420552234,spearman_ADM_PEDM
80,0.7436395101,spearman_ADM_PEDM
80,0.7530496359,spearman_ADM_PEDM
80,0.7489855544,spearman_ADM_PEDM
80,0.7560763317,spearman_ADM_PEDM
80,0.7445504993,spearman_ADM_PEDM
80,0.7464685528,spearman_ADM_PEDM
80,0.7666886737,spearman_ADM_PEDM
80,0.7522522435,spearman_ADM_PEDM
80,0.7464733559,spearman_ADM_PEDM
80,0.7367897546,spearman_ADM_PEDM
80,0.7559597862,spearman_ADM_PEDM
80,0.7552661973,spearman_ADM_PEDM
80,0.7476807638,spearman_ADM_PEDM
80,0.7398063789,spearman_ADM_PEDM
82,0.7488771894,spearman_ADM_PEDM
82,0.7539568666,spearman_ADM_PEDM
82,0.7459691624,spearman_ADM_PEDM
82,0.7488165288,spearman_ADM_PEDM
82,0.7443655791,spearman_ADM_PEDM
82,0.7403307033,spearman_ADM_PEDM
82,0.7648016663,spearman_ADM_PEDM
82,0.7495308359,spearman_ADM_PEDM
82,0.7463771164,spearman_ADM_PEDM
82,0.746257457,spearman_ADM_PEDM
82,0.7603158033,spearman_ADM_PEDM
82,0.7648097193,spearman_ADM_PEDM
82,0.7468092283,spearman_ADM_PEDM
82,0.7539678374,spearman_ADM_PEDM
82,0.7513139749,spearman_ADM_PEDM
84,0.7429157016,spearman_ADM_PEDM
84,0.7634454686,spearman_ADM_PEDM
84,0.7370139898,spearman_ADM_PEDM
84,0.7456406745,spearman_ADM_PEDM
84,0.7681548457,spearman_ADM_PEDM
84,0.7512689329,spearman_ADM_PEDM
84,0.7491132297,spearman_ADM_PEDM
84,0.7546528152,spearman_ADM_PEDM
84,0.7386037843,spearman_ADM_PEDM
84,0.7515344423,spearman_ADM_PEDM
84,0.7539990951,spearman_ADM_PEDM
84,0.7525000684,spearman_ADM_PEDM
84,0.7578302777,spearman_ADM_PEDM
84,0.7556260763,spearman_ADM_PEDM
84,0.7456280242,spearman_ADM_PEDM
86,0.7533965621,spearman_ADM_PEDM
86,0.7484844923,spearman_ADM_PEDM
86,0.7591553229,spearman_ADM_PEDM
86,0.743084861,spearman_ADM_PEDM
86,0.757336867,spearman_ADM_PEDM
86,0.7484685501,spearman_ADM_PEDM
86,0.756051916,spearman_ADM_PEDM
86,0.7463519632,spearman_ADM_PEDM
86,0.7381628242,spearman_ADM_PEDM
86,0.7599450058,spearman_ADM_PEDM
86,0.7551201751,spearman_ADM_PEDM
86,0.762637665,spearman_ADM_PEDM
86,0.7563143044,spearman_ADM_PEDM
86,0.7437175717,spearman_ADM_PEDM
86,0.7512559674,spearman_ADM_PEDM
88,0.7529783132,spearman_ADM_PEDM
88,0.759397823,spearman_ADM_PEDM
88,0.7599036248,spearman_ADM_PEDM
88,0.7540983722,spearman_ADM_PEDM
88,0.7546549743,spearman_ADM_PEDM
88,0.7543187984,spearman_ADM_PEDM
88,0.7632061006,spearman_ADM_PEDM
88,0.7512254994,spearman_ADM_PEDM
88,0.7458525646,spearman_ADM_PEDM
88,0.7579599312,spearman_ADM_PEDM
88,0.7502234266,spearman_ADM_PEDM
88,0.7625533062,spearman_ADM_PEDM
88,0.736361801,spearman_ADM_PEDM
88,0.7379425615,spearman_ADM_PEDM
88,0.7441909015,spearman_ADM_PEDM
90,0.7541615724,spearman_ADM_PEDM
90,0.7573481596,spearman_ADM_PEDM
90,0.7530880901,spearman_ADM_PEDM
90,0.7599914069,spearman_ADM_PEDM
90,0.7512093678,spearman_ADM_PEDM
90,0.778114764,spearman_ADM_PEDM
90,0.7465895881,spearman_ADM_PEDM
90,0.7453569666,spearman_ADM_PEDM
90,0.7615594331,spearman_ADM_PEDM
90,0.7431199905,spearman_ADM_PEDM
90,0.7502407987,spearman_ADM_PEDM
90,0.7563669072,spearman_ADM_PEDM
90,0.7599934296,spearman_ADM_PEDM
90,0.7482507172,spearman_ADM_PEDM
90,0.7431021728,spearman_ADM_PEDM
92,0.7449426933,spearman_ADM_PEDM
92,0.7403444989,spearman_ADM_PEDM
92,0.7545674309,spearman_ADM_PEDM
92,0.7430435388,spearman_ADM_PEDM
92,0.7565062769,spearman_ADM_PEDM
92,0.7531242905,spearman_ADM_PEDM
92,0.7375370429,spearman_ADM_PEDM
92,0.7500388638,spearman_ADM_PEDM
92,0.7643900475,spearman_ADM_PEDM
92,0.7721371197,spearman_ADM_PEDM
92,0.7672428398,spearman_ADM_PEDM
92,0.7502631524,spearman_ADM_PEDM
92,0.7529679651,spearman_ADM_PEDM
92,0.7520706845,spearman_ADM_PEDM
92,0.7456818408,spearman_ADM_PEDM
94,0.7645078928,spearman_ADM_PEDM
94,0.7652113595,spearman_ADM_PEDM
94,0.7539238626,spearman_ADM_PEDM
94,0.7540649845,spearman_ADM_PEDM
94,0.7629992076,spearman_ADM_PEDM
94,0.7591226378,spearman_ADM_PEDM
94,0.7630903157,spearman_ADM_PEDM
94,0.7611693898,spearman_ADM_PEDM
94,0.7544200104,spearman_ADM_PEDM
94,0.756961521,spearman_ADM_PEDM
94,0.7657640101,spearman_ADM_PEDM
94,0.7426010853,spearman_ADM_PEDM
94,0.7502710087,spearman_ADM_PEDM
94,0.7625894006,spearman_ADM_PEDM
94,0.7428482713,spearman_ADM_PEDM
96,0.7588635908,spearman_ADM_PEDM
96,0.764587122,spearman_ADM_PEDM
96,0.7660906965,spearman_ADM_PEDM
96,0.7493500019,spearman_ADM_PEDM
96,0.7503871904,spearman_ADM_PEDM
96,0.7697975725,spearman_ADM_PEDM
96,0.7763007115,spearman_ADM_PEDM
96,0.7622424629,spearman_ADM_PEDM
96,0.750035373,spearman_ADM_PEDM
96,0.7533446533,spearman_ADM_PEDM
96,0.7594017713,spearman_ADM_PEDM
96,0.7673373848,spearman_ADM_PEDM
96,0.7404762542,spearman_ADM_PEDM
96,0.7507342462,spearman_ADM_PEDM
96,0.7469343163,spearman_ADM_PEDM
98,0.7559910496,spearman_ADM_PEDM
98,0.7681246732,spearman_ADM_PEDM
98,0.7502517125,spearman_ADM_PEDM
98,0.7477154495,spearman_ADM_PEDM
98,0.7385196505,spearman_ADM_PEDM
98,0.750856503,spearman_ADM_PEDM
98,0.7569802382,spearman_ADM_PEDM
98,0.7594962758,spearman_ADM_PEDM
98,0.7511815483,spearman_ADM_PEDM
98,0.7460177832,spearman_ADM_PEDM
98,0.749467082,spearman_ADM_PEDM
98,0.7717642786,spearman_ADM_PEDM
98,0.7591977877,spearman_ADM_PEDM
98,0.7513754796,spearman_ADM_PEDM
98,0.7651284655,spearman_ADM_PEDM
8,0.6503812698,spearman_ADM_PEDM
8,0.6287795123,spearman_ADM_PEDM
8,0.6457827663,spearman_ADM_PEDM
8,0.6499502848,spearman_ADM_PEDM
8,0.6391023804,spearman_ADM_PEDM
8,0.6551727832,spearman_ADM_PEDM
8,0.6590353543,spearman_ADM_PEDM
8,0.6435933128,spearman_ADM_PEDM
8,0.6476728617,spearman_ADM_PEDM
8,0.6588266385,spearman_ADM_PEDM
8,0.6559962537,spearman_ADM_PEDM
8,0.6565914362,spearman_ADM_PEDM
8,0.6608661431,spearman_ADM_PEDM
8,0.6595038627,spearman_ADM_PEDM
8,0.6611212637,spearman_ADM_PEDM
100,0.7652650341,spearman_ADM_PEDM
100,0.7666563481,spearman_ADM_PEDM
100,0.7675034419,spearman_ADM_PEDM
100,0.7586833115,spearman_ADM_PEDM
100,0.75954632,spearman_ADM_PEDM
100,0.7564681837,spearman_ADM_PEDM
100,0.7556475248,spearman_ADM_PEDM
100,0.7515611164,spearman_ADM_PEDM
100,0.764237118,spearman_ADM_PEDM
100,0.7530327001,spearman_ADM_PEDM
100,0.7588849557,spearman_ADM_PEDM
100,0.760208915,spearman_ADM_PEDM
100,0.7583974453,spearman_ADM_PEDM
100,0.7571102764,spearman_ADM_PEDM
100,0.7661692442,spearman_ADM_PEDM
10,0.6689992814,spearman_ADM_PEDM
10,0.6704326793,spearman_ADM_PEDM
10,0.6771922724,spearman_ADM_PEDM
10,0.6661773323,spearman_ADM_PEDM
10,0.6644499571,spearman_ADM_PEDM
10,0.6771600598,spearman_ADM_PEDM
10,0.6714359967,spearman_ADM_PEDM
10,0.6674349687,spearman_ADM_PEDM
10,0.6406782014,spearman_ADM_PEDM
10,0.6563033275,spearman_ADM_PEDM
10,0.6795905063,spearman_ADM_PEDM
10,0.6489447422,spearman_ADM_PEDM
10,0.6647038206,spearman_ADM_PEDM
10,0.654221767,spearman_ADM_PEDM
10,0.6687874643,spearman_ADM_PEDM
12,0.6796356132,spearman_ADM_PEDM
12,0.67744431,spearman_ADM_PEDM
12,0.6821036188,spearman_ADM_PEDM
12,0.6764608959,spearman_ADM_PEDM
12,0.6673921242,spearman_ADM_PEDM
12,0.6830221381,spearman_ADM_PEDM
12,0.6923624037,spearman_ADM_PEDM
12,0.6780852179,spearman_ADM_PEDM
12,0.6933012274,spearman_ADM_PEDM
12,0.6912732184,spearman_ADM_PEDM
12,0.6693782218,spearman_ADM_PEDM
12,0.6721337301,spearman_ADM_PEDM
12,0.6981400858,spearman_ADM_PEDM
12,0.6772002329,spearman_ADM_PEDM
12,0.6710487323,spearman_ADM_PEDM
14,0.6806555245,spearman_ADM_PEDM
14,0.6823956647,spearman_ADM_PEDM
14,0.6934943198,spearman_ADM_PEDM
14,0.6971402039,spearman_ADM_PEDM
14,0.6670142341,spearman_ADM_PEDM
14,0.6948579159,spearman_ADM_PEDM
14,0.6864221123,spearman_ADM_PEDM
14,0.681283827,spearman_ADM_PEDM
14,0.6876620696,spearman_ADM_PEDM
14,0.676009639,spearman_ADM_PEDM
14,0.6998323466,spearman_ADM_PEDM
14,0.6847512673,spearman_ADM_PEDM
14,0.6942314148,spearman_ADM_PEDM
14,0.6931062051,spearman_ADM_PEDM
14,0.6938345082,spearman_ADM_PEDM
16,0.6980391748,spearman_ADM_PEDM
16,0.6928940153,spearman_ADM_PEDM
16,0.6808247675,spearman_ADM_PEDM
16,0.6872843464,spearman_ADM_PEDM
16,0.695584336,spearman_ADM_PEDM
16,0.6853059757,spearman_ADM_PEDM
16,0.6949751802,spearman_ADM_PEDM
16,0.6838195692,spearman_ADM_PEDM
16,0.6982031587,spearman_ADM_PEDM
16,0.6934406635,spearman_ADM_PEDM
16,0.6789720808,spearman_ADM_PEDM
16,0.6999845591,spearman_ADM_PEDM
16,0.6763260231,spearman_ADM_PEDM
16,0.7019402391,spearman_ADM_PEDM
16,0.6840234743,spearman_ADM_PEDM
18,0.7079695759,spearman_ADM_PEDM
18,0.6864096306,spearman_ADM_PEDM
18,0.7066793886,spearman_ADM_PEDM
18,0.7015226929,spearman_ADM_PEDM
18,0.7079541459,spearman_ADM_PEDM
18,0.6873696363,spearman_ADM_PEDM
18,0.6923757301,spearman_ADM_PEDM
18,0.6949553277,spearman_ADM_PEDM
18,0.6933014387,spearman_ADM_PEDM
18,0.7059317035,spearman_ADM_PEDM
18,0.7013578389,spearman_ADM_PEDM
18,0.6752299994,spearman_ADM_PEDM
18,0.6955781401,spearman_ADM_PEDM
18,0.7085802113,spearman_ADM_PEDM
18,0.6853845619,spearman_ADM_PEDM
20,0.7635888221,spearman_ADM_PEDM
20,0.7414893567,spearman_ADM_PEDM
20,0.7126391255,spearman_ADM_PEDM
20,0.7542847184,spearman_ADM_PEDM
20,0.7492416223,spearman_ADM_PEDM
20,0.7386703033,spearman_ADM_PEDM
20,0.7130123379,spearman_ADM_PEDM
20,0.76531,spearman_ADM_PEDM
20,0.7351581783,spearman_ADM_PEDM
20,0.7465634455,spearman_ADM_PEDM
20,0.7506230353,spearman_ADM_PEDM
20,0.7347162615,spearman_ADM_PEDM
20,0.7587067155,spearman_ADM_PEDM
20,0.7632970654,spearman_ADM_PEDM
20,0.7032224266,spearman_ADM_PEDM
22,0.7545387505,spearman_ADM_PEDM
22,0.7541658662,spearman_ADM_PEDM
22,0.7408702903,spearman_ADM_PEDM
22,0.7808136675,spearman_ADM_PEDM
22,0.7120751132,spearman_ADM_PEDM
22,0.7685223445,spearman_ADM_PEDM
22,0.7138697717,spearman_ADM_PEDM
22,0.7700211733,spearman_ADM_PEDM
22,0.7446352115,spearman_ADM_PEDM
22,0.7225283494,spearman_ADM_PEDM
22,0.7012750009,spearman_ADM_PEDM
22,0.7769272479,spearman_ADM_PEDM
22,0.757684647,spearman_ADM_PEDM
22,0.7604223748,spearman_ADM_PEDM
22,0.7018760112,spearman_ADM_PEDM
24,0.6803314216,spearman_ADM_PEDM
24,0.7137083692,spearman_ADM_PEDM
24,0.7983155077,spearman_ADM_PEDM
24,0.7348332023,spearman_ADM_PEDM
24,0.7416970773,spearman_ADM_PEDM
24,0.754390903,spearman_ADM_PEDM
24,0.7655912363,spearman_ADM_PEDM
24,0.7494586313,spearman_ADM_PEDM
24,0.7646533499,spearman_ADM_PEDM
24,0.7645455553,spearman_ADM_PEDM
24,0.7389010312,spearman_ADM_PEDM
24,0.7988162605,spearman_ADM_PEDM
24,0.7276798284,spearman_ADM_PEDM
24,0.7634111026,spearman_ADM_PEDM
24,0.7293690288,spearman_ADM_PEDM
26,0.8128527715,spearman_ADM_PEDM
26,0.7412285777,spearman_ADM_PEDM
26,0.757724475,spearman_ADM_PEDM
26,0.7823444011,spearman_ADM_PEDM
26,0.769813548,spearman_ADM_PEDM
26,0.7288145882,spearman_ADM_PEDM
26,0.7468776548,spearman_ADM_PEDM
26,0.7560605145,spearman_ADM_PEDM
26,0.7214126717,spearman_ADM_PEDM
26,0.7397400794,spearman_ADM_PEDM
26,0.7688095995,spearman_ADM_PEDM
26,0.7420337489,spearman_ADM_PEDM
26,0.7395310397,spearman_ADM_PEDM
26,0.7519483728,spearman_ADM_PEDM
26,0.7292214208,spearman_ADM_PEDM
28,0.7422258325,spearman_ADM_PEDM
28,0.7194112698,spearman_ADM_PEDM
28,0.7121430897,spearman_ADM_PEDM
28,0.7467538856,spearman_ADM_PEDM
28,0.7882669628,spearman_ADM_PEDM
28,0.7316894166,spearman_ADM_PEDM
28,0.7643876082,spearman_ADM_PEDM
28,0.7473967647,spearman_ADM_PEDM
28,0.7780791399,spearman_ADM_PEDM
28,0.737307695,spearman_ADM_PEDM
28,0.7319863868,spearman_ADM_PEDM
28,0.7894349838,spearman_ADM_PEDM
28,0.7721360688,spearman_ADM_PEDM
28,0.7295186088,spearman_ADM_PEDM
28,0.7584634487,spearman_ADM_PEDM
30,0.7210281892,spearman_ADM_PEDM
30,0.7687260423,spearman_ADM_PEDM
30,0.7139168842,spearman_ADM_PEDM
30,0.782590212,spearman_ADM_PEDM
30,0.7509606445,spearman_ADM_PEDM
30,0.7422475097,spearman_ADM_PEDM
30,0.7776535028,spearman_ADM_PEDM
30,0.7666009629,spearman_ADM_PEDM
30,0.7646636392,spearman_ADM_PEDM
30,0.732686097,spearman_ADM_PEDM
30,0.7836289329,spearman_ADM_PEDM
30,0.765110982,spearman_ADM_PEDM
30,0.7706970887,spearman_ADM_PEDM
30,0.778780115,spearman_ADM_PEDM
30,0.7788868566,spearman_ADM_PEDM
32,0.7850521548,spearman_ADM_PEDM
32,0.7714719099,spearman_ADM_PEDM
32,0.7189169448,spearman_ADM_PEDM
32,0.7556073879,spearman_ADM_PEDM
32,0.7997237417,spearman_ADM_PEDM
32,0.6790127234,spearman_ADM_PEDM
32,0.7731280463,spearman_ADM_PEDM
32,0.7012987468,spearman_ADM_PEDM
32,0.7926840341,spearman_ADM_PEDM
32,0.7841396996,spearman_ADM_PEDM
32,0.7829773624,spearman_ADM_PEDM
32,0.7770030501,spearman_ADM_PEDM
32,0.7807940917,spearman_ADM_PEDM
32,0.7862331155,spearman_ADM_PEDM
32,0.7361815364,spearman_ADM_PEDM
34,0.8089001234,spearman_ADM_PEDM
34,0.7679518164,spearman_ADM_PEDM
34,0.7316772599,spearman_ADM_PEDM
34,0.7455625647,spearman_ADM_PEDM
34,0.7745890699,spearman_ADM_PEDM
34,0.7408143896,spearman_ADM_PEDM
34,0.7443654613,spearman_ADM_PEDM
34,0.7804520368,spearman_ADM_PEDM
34,0.7525506693,spearman_ADM_PEDM
34,0.7406447969,spearman_ADM_PEDM
34,0.7576196691,spearman_ADM_PEDM
34,0.7711896334,spearman_ADM_PEDM
34,0.7821655222,spearman_ADM_PEDM
34,0.7516037204,spearman_ADM_PEDM
34,0.7847571526,spearman_ADM_PEDM
36,0.7443103682,spearman_ADM_PEDM
36,0.7490899062,spearman_ADM_PEDM
36,0.7943553949,spearman_ADM_PEDM
36,0.7747459945,spearman_ADM_PEDM
36,0.7267149546,spearman_ADM_PEDM
36,0.7515710471,spearman_ADM_PEDM
36,0.755947843,spearman_ADM_PEDM
36,0.754704719,spearman_ADM_PEDM
36,0.7540071173,spearman_ADM_PEDM
36,0.7217288337,spearman_ADM_PEDM
36,0.7761074317,spearman_ADM_PEDM
36,0.7550986499,spearman_ADM_PEDM
36,0.723607446,spearman_ADM_PEDM
36,0.764052666,spearman_ADM_PEDM
36,0.7683644252,spearman_ADM_PEDM
38,0.770271552,spearman_ADM_PEDM
38,0.7898742963,spearman_ADM_PEDM
38,0.7817961247,spearman_ADM_PEDM
38,0.7730391721,spearman_ADM_PEDM
38,0.7962577518,spearman_ADM_PEDM
38,0.7255756633,spearman_ADM_PEDM
38,0.7763458565,spearman_ADM_PEDM
38,0.7758536235,spearman_ADM_PEDM
38,0.7644033426,spearman_ADM_PEDM
38,0.7860778158,spearman_ADM_PEDM
38,0.7642101139,spearman_ADM_PEDM
38,0.758122667,spearman_ADM_PEDM
38,0.7089630179,spearman_ADM_PEDM
38,0.7082326441,spearman_ADM_PEDM
38,0.7535896067,spearman_ADM_PEDM
40,0.7714047969,spearman_ADM_PEDM
40,0.756737851,spearman_ADM_PEDM
40,0.7690546142,spearman_ADM_PEDM
40,0.7366039453,spearman_ADM_PEDM
40,0.7917834805,spearman_ADM_PEDM
40,0.790863765,spearman_ADM_PEDM
40,0.7478957429,spearman_ADM_PEDM
40,0.763204722,spearman_ADM_PEDM
40,0.7486437112,spearman_ADM_PEDM
40,0.7710766811,spearman_ADM_PEDM
40,0.7482980531,spearman_ADM_PEDM
40,0.7617941228,spearman_ADM_PEDM
40,0.8080942685,spearman_ADM_PEDM
40,0.781978242,spearman_ADM_PEDM
40,0.7733587831,spearman_ADM_PEDM
42,0.7436117594,spearman_ADM_PEDM
42,0.7753135922,spearman_ADM_PEDM
42,0.7693407363,spearman_ADM_PEDM
42,0.7599673608,spearman_ADM_PEDM
42,0.7486793732,spearman_ADM_PEDM
42,0.7679807635,spearman_ADM_PEDM
42,0.7287677644,spearman_ADM_PEDM
42,0.7975389238,spearman_ADM_PEDM
42,0.7603948458,spearman_ADM_PEDM
42,0.7571713663,spearman_ADM_PEDM
42,0.77598132,spearman_ADM_PEDM
42,0.7966967823,spearman_ADM_PEDM
42,0.7511391878,spearman_ADM_PEDM
42,0.7604053803,spearman_ADM_PEDM
42,0.7641088214,spearman_ADM_PEDM
44,0.7540284055,spearman_ADM_PEDM
44,0.7418540418,spearman_ADM_PEDM
44,0.7925957575,spearman_ADM_PEDM
44,0.7828911569,spearman_ADM_PEDM
44,0.7530360383,spearman_ADM_PEDM
44,0.777868159,spearman_ADM_PEDM
44,0.7498762697,spearman_ADM_PEDM
44,0.7694249221,spearman_ADM_PEDM
44,0.7916311438,spearman_ADM_PEDM
44,0.7668098223,spearman_ADM_PEDM
44,0.7901297249,spearman_ADM_PEDM
44,0.7933364613,spearman_ADM_PEDM
44,0.796663561,spearman_ADM_PEDM
44,0.7389179321,spearman_ADM_PEDM
44,0.7632258074,spearman_ADM_PEDM
46,0.7815621563,spearman_ADM_PEDM
46,0.7535917513,spearman_ADM_PEDM
46,0.7746063436,spearman_ADM_PEDM
46,0.7919878438,spearman_ADM_PEDM
46,0.7546236866,spearman_ADM_PEDM
46,0.7527680667,spearman_ADM_PEDM
46,0.752047395,spearman_ADM_PEDM
46,0.7892664113,spearman_ADM_PEDM
46,0.763818881,spearman_ADM_PEDM
46,0.8051012307,spearman_ADM_PEDM
46,0.7834093857,spearman_ADM_PEDM
46,0.7718535208,spearman_ADM_PEDM
46,0.7567662098,spearman_ADM_PEDM
46,0.7735941502,spearman_ADM_PEDM
46,0.708719531,spearman_ADM_PEDM
48,0.8004755858,spearman_ADM_PEDM
48,0.7918956988,spearman_ADM_PEDM
48,0.7762983692,spearman_ADM_PEDM
48,0.7886988583,spearman_ADM_PEDM
48,0.7629428487,spearman_ADM_PEDM
48,0.7609611624,spearman_ADM_PEDM
48,0.7676399805,spearman_ADM_PEDM
48,0.7368597106,spearman_ADM_PEDM
48,0.7471436097,spearman_ADM_PEDM
48,0.7701792468,spearman_ADM_PEDM
48,0.7627292912,spearman_ADM_PEDM
48,0.7709455392,spearman_ADM_PEDM
48,0.7584555321,spearman_ADM_PEDM
48,0.7774757919,spearman_ADM_PEDM
48,0.7746127639,spearman_ADM_PEDM
50,0.7972005925,spearman_ADM_PEDM
50,0.7607950571,spearman_ADM_PEDM
50,0.7750406095,spearman_ADM_PEDM
50,0.7589110594,spearman_ADM_PEDM
50,0.7543463306,spearman_ADM_PEDM
50,0.7528752252,spearman_ADM_PEDM
50,0.7493074782,spearman_ADM_PEDM
50,0.7770644234,spearman_ADM_PEDM
50,0.7889594551,spearman_ADM_PEDM
50,0.7852760172,spearman_ADM_PEDM
50,0.7776458831,spearman_ADM_PEDM
50,0.7546223595,spearman_ADM_PEDM
50,0.8025406761,spearman_ADM_PEDM
50,0.7505698763,spearman_ADM_PEDM
50,0.7609802063,spearman_ADM_PEDM
52,0.7836047694,spearman_ADM_PEDM
52,0.7667567469,spearman_ADM_PEDM
52,0.7303145075,spearman_ADM_PEDM
52,0.7614984535,spearman_ADM_PEDM
52,0.7624403759,spearman_ADM_PEDM
52,0.7977487455,spearman_ADM_PEDM
52,0.7530261076,spearman_ADM_PEDM
52,0.791159042,spearman_ADM_PEDM
52,0.7434593381,spearman_ADM_PEDM
52,0.7294540981,spearman_ADM_PEDM
52,0.7859477283,spearman_ADM_PEDM
52,0.7826356275,spearman_ADM_PEDM
52,0.7534317111,spearman_ADM_PEDM
52,0.7841823879,spearman_ADM_PEDM
52,0.7556520932,spearman_ADM_PEDM
54,0.7750317522,spearman_ADM_PEDM
54,0.7573746368,spearman_ADM_PEDM
54,0.7495346239,spearman_ADM_PEDM
54,0.7835612174,spearman_ADM_PEDM
54,0.7640460215,spearman_ADM_PEDM
54,0.7452205211,spearman_ADM_PEDM
54,0.7683476243,spearman_ADM_PEDM
54,0.7837856041,spearman_ADM_PEDM
54,0.7809559149,spearman_ADM_PEDM
54,0.759438627,spearman_ADM_PEDM
54,0.7859954699,spearman_ADM_PEDM
54,0.8018344697,spearman_ADM_PEDM
54,0.7423051886,spearman_ADM_PEDM
54,0.7715826144,spearman_ADM_PEDM
54,0.7262532076,spearman_ADM_PEDM
56,0.7329216937,spearman_ADM_PEDM
56,0.7756440064,spearman_ADM_PEDM
56,0.7889792344,spearman_ADM_PEDM
56,0.776112818,spearman_ADM_PEDM
56,0.7239887404,spearman_ADM_PEDM
56,0.7798653523,spearman_ADM_PEDM
56,0.7623407848,spearman_ADM_PEDM
56,0.7614999982,spearman_ADM_PEDM
56,0.7737560993,spearman_ADM_PEDM
56,0.7840056244,spearman_ADM_PEDM
56,0.7470967802,spearman_ADM_PEDM
56,0.795652937,spearman_ADM_PEDM
56,0.7605320231,spearman_ADM_PEDM
56,0.7837764911,spearman_ADM_PEDM
56,0.7309605537,spearman_ADM_PEDM
58,0.7623523266,spearman_ADM_PEDM
58,0.7903948286,spearman_ADM_PEDM
58,0.7361036287,spearman_ADM_PEDM
58,0.7819499166,spearman_ADM_PEDM
58,0.7567678323,spearman_ADM_PEDM
58,0.7714537887,spearman_ADM_PEDM
58,0.768322748,spearman_ADM_PEDM
58,0.7513539892,spearman_ADM_PEDM
58,0.7845663145,spearman_ADM_PEDM
58,0.7658634349,spearman_ADM_PEDM
58,0.7703008672,spearman_ADM_PEDM
58,0.7873561147,spearman_ADM_PEDM
58,0.7776823909,spearman_ADM_PEDM
58,0.756532146,spearman_ADM_PEDM
58,0.76831123,spearman_ADM_PEDM
4,0.6612213542,spearman_ADM_PEDM
4,0.5779529172,spearman_ADM_PEDM
4,0.6576934486,spearman_ADM_PEDM
4,0.6110276587,spearman_ADM_PEDM
4,0.5546261415,spearman_ADM_PEDM
4,0.5903962804,spearman_ADM_PEDM
4,0.648274376,spearman_ADM_PEDM
4,0.6346399302,spearman_ADM_PEDM
4,0.6762807538,spearman_ADM_PEDM
4,0.6449794649,spearman_ADM_PEDM
4,0.6472216732,spearman_ADM_PEDM
4,0.6270955122,spearman_ADM_PEDM
4,0.5996660259,spearman_ADM_PEDM
4,0.6159610896,spearman_ADM_PEDM
4,0.6108920879,spearman_ADM_PEDM
60,0.7459282799,spearman_ADM_PEDM
60,0.7603266712,spearman_ADM_PEDM
60,0.7371532703,spearman_ADM_PEDM
60,0.741600557,spearman_ADM_PEDM
60,0.7714239789,spearman_ADM_PEDM
60,0.7755678399,spearman_ADM_PEDM
60,0.7683748851,spearman_ADM_PEDM
60,0.7520566906,spearman_ADM_PEDM
60,0.7964239671,spearman_ADM_PEDM
60,0.7893101066,spearman_ADM_PEDM
60,0.7905280567,spearman_ADM_PEDM
60,0.7618357509,spearman_ADM_PEDM
60,0.7777534956,spearman_ADM_PEDM
60,0.7610026176,spearman_ADM_PEDM
60,0.7583025334,spearman_ADM_PEDM
62,0.7786889745,spearman_ADM_PEDM
62,0.7359340623,spearman_ADM_PEDM
62,0.792800973,spearman_ADM_PEDM
62,0.7601914527,spearman_ADM_PEDM
62,0.7384128721,spearman_ADM_PEDM
62,0.7638892454,spearman_ADM_PEDM
62,0.7647545349,spearman_ADM_PEDM
62,0.7708925065,spearman_ADM_PEDM
62,0.7600825827,spearman_ADM_PEDM
62,0.7877986855,spearman_ADM_PEDM
62,0.7801071479,spearman_ADM_PEDM
62,0.750477429,spearman_ADM_PEDM
62,0.7757362695,spearman_ADM_PEDM
62,0.7906865279,spearman_ADM_PEDM
62,0.7712519058,spearman_ADM_PEDM
64,0.7413650177,spearman_ADM_PEDM
64,0.7466163417,spearman_ADM_PEDM
64,0.7876138279,spearman_ADM_PEDM
64,0.7876883544,spearman_ADM_PEDM
64,0.7930815833,spearman_ADM_PEDM
64,0.7931732048,spearman_ADM_PEDM
64,0.7767327465,spearman_ADM_PEDM
64,0.7620997439,spearman_ADM_PEDM
64,0.7749365018,spearman_ADM_PEDM
64,0.7525773854,spearman_ADM_PEDM
64,0.7796364423,spearman_ADM_PEDM
64,0.7686378059,spearman_ADM_PEDM
64,0.7843564287,spearman_ADM_PEDM
64,0.7823193177,spearman_ADM_PEDM
64,0.7706984806,spearman_ADM_PEDM
66,0.7615565963,spearman_ADM_PEDM
66,0.7858301962,spearman_ADM_PEDM
66,0.761183668,spearman_ADM_PEDM
66,0.7837747119,spearman_ADM_PEDM
66,0.7739742676,spearman_ADM_PEDM
66,0.7851636579,spearman_ADM_PEDM
66,0.7836614874,spearman_ADM_PEDM
66,0.7709628234,spearman_ADM_PEDM
66,0.7501772053,spearman_ADM_PEDM
66,0.7667245746,spearman_ADM_PEDM
66,0.7942831345,spearman_ADM_PEDM
66,0.775103015,spearman_ADM_PEDM
66,0.7679812975,spearman_ADM_PEDM
66,0.7690913529,spearman_ADM_PEDM
66,0.7545475656,spearman_ADM_PEDM
68,0.7688334924,spearman_ADM_PEDM
68,0.7608512242,spearman_ADM_PEDM
68,0.7760136633,spearman_ADM_PEDM
68,0.7763070739,spearman_ADM_PEDM
68,0.7619196046,spearman_ADM_PEDM
68,0.788106868,spearman_ADM_PEDM
68,0.7599447044,spearman_ADM_PEDM
68,0.7880593692,spearman_ADM_PEDM
68,0.7877307821,spearman_ADM_PEDM
68,0.7837903693,spearman_ADM_PEDM
68,0.7703603939,spearman_ADM_PEDM
68,0.7834160919,spearman_ADM_PEDM
68,0.7597698416,spearman_ADM_PEDM
68,0.7766004579,spearman_ADM_PEDM
68,0.7654122144,spearman_ADM_PEDM
70,0.7791323658,spearman_ADM_PEDM
70,0.7595291,spearman_ADM_PEDM
70,0.7900178398,spearman_ADM_PEDM
70,0.7890276946,spearman_ADM_PEDM
70,0.7939318887,spearman_ADM_PEDM
70,0.7627696743,spearman_ADM_PEDM
70,0.758246612,spearman_ADM_PEDM
70,0.8028321729,spearman_ADM_PEDM
70,0.7440671861,spearman_ADM_PEDM
70,0.7775213168,spearman_ADM_PEDM
70,0.7577009967,spearman_ADM_PEDM
70,0.7606242949,spearman_ADM_PEDM
70,0.7842202607,spearman_ADM_PEDM
70,0.7688805469,spearman_ADM_PEDM
70,0.7479689679,spearman_ADM_PEDM
72,0.7941697668,spearman_ADM_PEDM
72,0.7684475168,spearman_ADM_PEDM
72,0.7437901684,spearman_ADM_PEDM
72,0.778546984,spearman_ADM_PEDM
72,0.7658306848,spearman_ADM_PEDM
72,0.7350822487,spearman_ADM_PEDM
72,0.7487516547,spearman_ADM_PEDM
72,0.7750590005,spearman_ADM_PEDM
72,0.7791684489,spearman_ADM_PEDM
72,0.7651956068,spearman_ADM_PEDM
72,0.765161427,spearman_ADM_PEDM
72,0.7859502111,spearman_ADM_PEDM
72,0.7766287953,spearman_ADM_PEDM
72,0.7726723553,spearman_ADM_PEDM
72,0.7444894604,spearman_ADM_PEDM
74,0.7660331431,spearman_ADM_PEDM
74,0.7413240744,spearman_ADM_PEDM
74,0.7791225418,spearman_ADM_PEDM
74,0.7917021905,spearman_ADM_PEDM
74,0.7725401424,spearman_ADM_PEDM
74,0.7107877933,spearman_ADM_PEDM
74,0.8040966578,spearman_ADM_PEDM
74,0.7945542942,spearman_ADM_PEDM
74,0.7933915929,spearman_ADM_PEDM
74,0.7950659452,spearman_ADM_PEDM
74,0.7859508479,spearman_ADM_PEDM
74,0.7684931827,spearman_ADM_PEDM
74,0.770671676,spearman_ADM_PEDM
74,0.7209697581,spearman_ADM_PEDM
74,0.777424456,spearman_ADM_PEDM
76,0.776267395,spearman_ADM_PEDM
76,0.7436026065,spearman_ADM_PEDM
76,0.7590766544,spearman_ADM_PEDM
76,0.7940380505,spearman_ADM_PEDM
76,0.7962403444,spearman_ADM_PEDM
76,0.7710659804,spearman_ADM_PEDM
76,0.8054849053,spearman_ADM_PEDM
76,0.7818946875,spearman_ADM_PEDM
76,0.8153464577,spearman_ADM_PEDM
76,0.7882798283,spearman_ADM_PEDM
76,0.7956176189,spearman_ADM_PEDM
76,0.8023523644,spearman_ADM_PEDM
76,0.7188644758,spearman_ADM_PEDM
76,0.7359928409,spearman_ADM_PEDM
76,0.7442345147,spearman_ADM_PEDM
78,0.7774477503,spearman_ADM_PEDM
78,0.7805273923,spearman_ADM_PEDM
78,0.7689227155,spearman_ADM_PEDM
78,0.7650070158,spearman_ADM_PEDM
78,0.7658966287,spearman_ADM_PEDM
78,0.7852789409,spearman_ADM_PEDM
78,0.7477708435,spearman_ADM_PEDM
78,0.749110978,spearman_ADM_PEDM
78,0.8086950416,spearman_ADM_PEDM
78,0.8039902567,spearman_ADM_PEDM
78,0.7601356027,spearman_ADM_PEDM
78,0.7695673623,spearman_ADM_PEDM
78,0.7540070978,spearman_ADM_PEDM
78,0.7950156509,spearman_ADM_PEDM
78,0.7947925131,spearman_ADM_PEDM
6,0.6685697091,spearman_ADM_PEDM
6,0.6557111345,spearman_ADM_PEDM
6,0.6724050347,spearman_ADM_PEDM
6,0.7540928456,spearman_ADM_PEDM
6,0.6619504158,spearman_ADM_PEDM
6,0.684592292,spearman_ADM_PEDM
6,0.6260390793,spearman_ADM_PEDM
6,0.6901154799,spearman_ADM_PEDM
6,0.637285235,spearman_ADM_PEDM
6,0.7131143012,spearman_ADM_PEDM
6,0.6606850975,spearman_ADM_PEDM
6,0.6957848888,spearman_ADM_PEDM
6,0.6459608176,spearman_ADM_PEDM
6,0.7099627848,spearman_ADM_PEDM
6,0.6806994505,spearman_ADM_PEDM
80,0.760975282,spearman_ADM_PEDM
80,0.7692806193,spearman_ADM_PEDM
80,0.7686560704,spearman_ADM_PEDM
80,0.7848076537,spearman_ADM_PEDM
80,0.7913909307,spearman_ADM_PEDM
80,0.7587005431,spearman_ADM_PEDM
80,0.7728282867,spearman_ADM_PEDM
80,0.7926911015,spearman_ADM_PEDM
80,0.7772642844,spearman_ADM_PEDM
80,0.7813204183,spearman_ADM_PEDM
80,0.7898770366,spearman_ADM_PEDM
80,0.7530059415,spearman_ADM_PEDM
80,0.757131889,spearman_ADM_PEDM
80,0.7717053574,spearman_ADM_PEDM
80,0.7569093035,spearman_ADM_PEDM
82,0.7819594726,spearman_ADM_PEDM
82,0.7679455434,spearman_ADM_PEDM
82,0.7667244111,spearman_ADM_PEDM
82,0.7965689462,spearman_ADM_PEDM
82,0.7873216038,spearman_ADM_PEDM
82,0.7634275774,spearman_ADM_PEDM
82,0.7827599202,spearman_ADM_PEDM
82,0.7655573873,spearman_ADM_PEDM
82,0.7859256474,spearman_ADM_PEDM
82,0.7882707227,spearman_ADM_PEDM
82,0.7936976586,spearman_ADM_PEDM
82,0.7593689803,spearman_ADM_PEDM
82,0.7898163308,spearman_ADM_PEDM
82,0.7608408889,spearman_ADM_PEDM
82,0.7820454128,spearman_ADM_PEDM
84,0.7828746836,spearman_ADM_PEDM
84,0.7799862095,spearman_ADM_PEDM
84,0.7748959929,spearman_ADM_PEDM
84,0.7515925197,spearman_ADM_PEDM
84,0.7415087218,spearman_ADM_PEDM
84,0.7696024945,spearman_ADM_PEDM
84,0.8015580038,spearman_ADM_PEDM
84,0.7971634943,spearman_ADM_PEDM
84,0.7697611864,spearman_ADM_PEDM
84,0.7639544824,spearman_ADM_PEDM
84,0.7857854085,spearman_ADM_PEDM
84,0.7665340236,spearman_ADM_PEDM
84,0.7693456191,spearman_ADM_PEDM
84,0.7650651253,spearman_ADM_PEDM
84,0.7969079792,spearman_ADM_PEDM
86,0.7692380098,spearman_ADM_PEDM
86,0.7957249403,spearman_ADM_PEDM
86,0.7885139431,spearman_ADM_PEDM
86,0.8041134088,spearman_ADM_PEDM
86,0.752651583,spearman_ADM_PEDM
86,0.788980571,spearman_ADM_PEDM
86,0.778304455,spearman_ADM_PEDM
86,0.7763706274,spearman_ADM_PEDM
86,0.7944222223,spearman_ADM_PEDM
86,0.780580128,spearman_ADM_PEDM
86,0.7810145818,spearman_ADM_PEDM
86,0.7948945886,spearman_ADM_PEDM
86,0.7748300628,spearman_ADM_PEDM
86,0.7998413035,spearman_ADM_PEDM
86,0.7703458686,spearman_ADM_PEDM
88,0.7593796585,spearman_ADM_PEDM
88,0.7659373957,spearman_ADM_PEDM
88,0.7822951445,spearman_ADM_PEDM
88,0.7946575267,spearman_ADM_PEDM
88,0.7735062264,spearman_ADM_PEDM
88,0.7651565782,spearman_ADM_PEDM
88,0.7937866438,spearman_ADM_PEDM
88,0.7967997182,spearman_ADM_PEDM
88,0.7801748495,spearman_ADM_PEDM
88,0.77071191,spearman_ADM_PEDM
88,0.7890951137,spearman_ADM_PEDM
88,0.7661632905,spearman_ADM_PEDM
88,0.7736202801,spearman_ADM_PEDM
88,0.7943495599,spearman_ADM_PEDM
88,0.8020383922,spearman_ADM_PEDM
90,0.7609521383,spearman_ADM_PEDM
90,0.757091029,spearman_ADM_PEDM
90,0.7916363729,spearman_ADM_PEDM
90,0.7655390643,spearman_ADM_PEDM
90,0.7841145543,spearman_ADM_PEDM
90,0.7512247367,spearman_ADM_PEDM
90,0.7643477401,spearman_ADM_PEDM
90,0.7760349696,spearman_ADM_PEDM
90,0.7666817884,spearman_ADM_PEDM
90,0.7726887354,spearman_ADM_PEDM
90,0.7824333172,spearman_ADM_PEDM
90,0.7825704198,spearman_ADM_PEDM
90,0.771213238,spearman_ADM_PEDM
90,0.7587335097,spearman_ADM_PEDM
90,0.7756060633,spearman_ADM_PEDM
92,0.7777737294,spearman_ADM_PEDM
92,0.7940453855,spearman_ADM_PEDM
92,0.7938755748,spearman_ADM_PEDM
92,0.7649701438,spearman_ADM_PEDM
92,0.7707000225,spearman_ADM_PEDM
92,0.8043692999,spearman_ADM_PEDM
92,0.7593056088,spearman_ADM_PEDM
92,0.774649362,spearman_ADM_PEDM
92,0.7707923175,spearman_ADM_PEDM
92,0.7923638282,spearman_ADM_PEDM
92,0.7610595816,spearman_ADM_PEDM
92,0.7861757437,spearman_ADM_PEDM
92,0.7733264125,spearman_ADM_PEDM
92,0.7903030977,spearman_ADM_PEDM
92,0.7799173073,spearman_ADM_PEDM
94,0.7992301637,spearman_ADM_PEDM
94,0.771876096,spearman_ADM_PEDM
94,0.7826031558,spearman_ADM_PEDM
94,0.7718162167,spearman_ADM_PEDM
94,0.7717905552,spearman_ADM_PEDM
94,0.7658952779,spearman_ADM_PEDM
94,0.7850927854,spearman_ADM_PEDM
94,0.7607982781,spearman_ADM_PEDM
94,0.7780360244,spearman_ADM_PEDM
94,0.7406552883,spearman_ADM_PEDM
94,0.7910834445,spearman_ADM_PEDM
94,0.7514932644,spearman_ADM_PEDM
94,0.7720434913,spearman_ADM_PEDM
94,0.7726765175,spearman_ADM_PEDM
94,0.7799323831,spearman_ADM_PEDM
96,0.787922669,spearman_ADM_PEDM
96,0.7834967222,spearman_ADM_PEDM
96,0.7724854424,spearman_ADM_PEDM
96,0.7869960144,spearman_ADM_PEDM
96,0.7883732752,spearman_ADM_PEDM
96,0.756753131,spearman_ADM_PEDM
96,0.7766999434,spearman_ADM_PEDM
96,0.790861056,spearman_ADM_PEDM
96,0.7816368355,spearman_ADM_PEDM
96,0.7476549797,spearman_ADM_PEDM
96,0.7498286069,spearman_ADM_PEDM
96,0.802117468,spearman_ADM_PEDM
96,0.7887920705,spearman_ADM_PEDM
96,0.7880561667,spearman_ADM_PEDM
96,0.8000258221,spearman_ADM_PEDM
98,0.7778686419,spearman_ADM_PEDM
98,0.7834265851,spearman_ADM_PEDM
98,0.7672432097,spearman_ADM_PEDM
98,0.7647666174,spearman_ADM_PEDM
98,0.7598867897,spearman_ADM_PEDM
98,0.8019703683,spearman_ADM_PEDM
98,0.7521629388,spearman_ADM_PEDM
98,0.7754747188,spearman_ADM_PEDM
98,0.7608953585,spearman_ADM_PEDM
98,0.7972763771,spearman_ADM_PEDM
98,0.773775301,spearman_ADM_PEDM
98,0.7731746386,spearman_ADM_PEDM
98,0.8039455876,spearman_ADM_PEDM
98,0.7620723547,spearman_ADM_PEDM
98,0.7960431231,spearman_ADM_PEDM
8,0.7158656588,spearman_ADM_PEDM
8,0.6480123634,spearman_ADM_PEDM
8,0.5973525192,spearman_ADM_PEDM
8,0.5964881126,spearman_ADM_PEDM
8,0.7125638569,spearman_ADM_PEDM
8,0.6949050212,spearman_ADM_PEDM
8,0.6637119907,spearman_ADM_PEDM
8,0.6839806637,spearman_ADM_PEDM
8,0.6504176797,spearman_ADM_PEDM
8,0.649483108,spearman_ADM_PEDM
8,0.6598803462,spearman_ADM_PEDM
8,0.6573726526,spearman_ADM_PEDM
8,0.666136426,spearman_ADM_PEDM
8,0.6767188695,spearman_ADM_PEDM
8,0.7168640552,spearman_ADM_PEDM
100,0.7889838356,spearman_ADM_PEDM
100,0.7583304335,spearman_ADM_PEDM
100,0.7788015386,spearman_ADM_PEDM
100,0.7598469644,spearman_ADM_PEDM
100,0.7563430015,spearman_ADM_PEDM
100,0.7793379387,spearman_ADM_PEDM
100,0.7935192075,spearman_ADM_PEDM
100,0.7812393875,spearman_ADM_PEDM
100,0.8052760567,spearman_ADM_PEDM
100,0.7629714491,spearman_ADM_PEDM
100,0.7870697997,spearman_ADM_PEDM
100,0.7558304728,spearman_ADM_PEDM
100,0.790145342,spearman_ADM_PEDM
100,0.760389353,spearman_ADM_PEDM
100,0.7829108551,spearman_ADM_PEDM
10,0.6269815237,spearman_ADM_PEDM
10,0.7581154464,spearman_ADM_PEDM
10,0.7045248871,spearman_ADM_PEDM
10,0.643090419,spearman_ADM_PEDM
10,0.7370845008,spearman_ADM_PEDM
10,0.6742738154,spearman_ADM_PEDM
10,0.5685948594,spearman_ADM_PEDM
10,0.6246342793,spearman_ADM_PEDM
10,0.6905095015,spearman_ADM_PEDM
10,0.6595676243,spearman_ADM_PEDM
10,0.5300291632,spearman_ADM_PEDM
10,0.6863103065,spearman_ADM_PEDM
10,0.6742157395,spearman_ADM_PEDM
10,0.7476276835,spearman_ADM_PEDM
10,0.6205963818,spearman_ADM_PEDM
12,0.6551664183,spearman_ADM_PEDM
12,0.7233040764,spearman_ADM_PEDM
12,0.7308607788,spearman_ADM_PEDM
12,0.7164001258,spearman_ADM_PEDM
12,0.7364254426,spearman_ADM_PEDM
12,0.6746016905,spearman_ADM_PEDM
12,0.7458022351,spearman_ADM_PEDM
12,0.7625258031,spearman_ADM_PEDM
12,0.7306133509,spearman_ADM_PEDM
12,0.6971354629,spearman_ADM_PEDM
12,0.7176046019,spearman_ADM_PEDM
12,0.7546726149,spearman_ADM_PEDM
12,0.7369230417,spearman_ADM_PEDM
12,0.7104270155,spearman_ADM_PEDM
12,0.7010227434,spearman_ADM_PEDM
14,0.6965131829,spearman_ADM_PEDM
14,0.7103841451,spearman_ADM_PEDM
14,0.7155000571,spearman_ADM_PEDM
14,0.7046825803,spearman_ADM_PEDM
14,0.7737730969,spearman_ADM_PEDM
14,0.7386091969,spearman_ADM_PEDM
14,0.7004761864,spearman_ADM_PEDM
14,0.701714514,spearman_ADM_PEDM
14,0.7325082388,spearman_ADM_PEDM
14,0.7705274708,spearman_ADM_PEDM
14,0.7418096915,spearman_ADM_PEDM
14,0.7640539011,spearman_ADM_PEDM
14,0.755483572,spearman_ADM_PEDM
14,0.6568383332,spearman_ADM_PEDM
14,0.755288979,spearman_ADM_PEDM
16,0.7673871727,spearman_ADM_PEDM
16,0.6988022961,spearman_ADM_PEDM
16,0.697234916,spearman_ADM_PEDM
16,0.6751449738,spearman_ADM_PEDM
16,0.708378149,spearman_ADM_PEDM
16,0.7234906801,spearman_ADM_PEDM
16,0.6892914705,spearman_ADM_PEDM
16,0.7068848975,spearman_ADM_PEDM
16,0.740992405,spearman_ADM_PEDM
16,0.6600964588,spearman_ADM_PEDM
16,0.6881440971,spearman_ADM_PEDM
16,0.6775223784,spearman_ADM_PEDM
16,0.7062431804,spearman_ADM_PEDM
16,0.7133596661,spearman_ADM_PEDM
16,0.6945644221,spearman_ADM_PEDM
18,0.7257859824,spearman_ADM_PEDM
18,0.7443030244,spearman_ADM_PEDM
18,0.7715883504,spearman_ADM_PEDM
18,0.7379309895,spearman_ADM_PEDM
18,0.7528610028,spearman_ADM_PEDM
18,0.7319177308,spearman_ADM_PEDM
18,0.7456176581,spearman_ADM_PEDM
18,0.7480187202,spearman_ADM_PEDM
18,0.6489607725,spearman_ADM_PEDM
18,0.7114188003,spearman_ADM_PEDM
18,0.7605996072,spearman_ADM_PEDM
18,0.7285964009,spearman_ADM_PEDM
18,0.7132299906,spearman_ADM_PEDM
18,0.6827052478,spearman_ADM_PEDM
18,0.7349146387,spearman_ADM_PEDM
20,0.7120004252,spearman_ADM_PEDM
20,0.6924147188,spearman_ADM_PEDM
20,0.7413987772,spearman_ADM_PEDM
20,0.7459680485,spearman_ADM_PEDM
20,0.7207114551,spearman_ADM_PEDM
20,0.7339287909,spearman_ADM_PEDM
20,0.6957229874,spearman_ADM_PEDM
20,0.6863669593,spearman_ADM_PEDM
20,0.6981996492,spearman_ADM_PEDM
20,0.7341094426,spearman_ADM_PEDM
20,0.6764185795,spearman_ADM_PEDM
20,0.7625629189,spearman_ADM_PEDM
20,0.6940399443,spearman_ADM_PEDM
20,0.7564732304,spearman_ADM_PEDM
20,0.6996563568,spearman_ADM_PEDM
22,0.6505283973,spearman_ADM_PEDM
22,0.6827842945,spearman_ADM_PEDM
22,0.7269128359,spearman_ADM_PEDM
22,0.7139281056,spearman_ADM_PEDM
22,0.7237081647,spearman_ADM_PEDM
22,0.7817396404,spearman_ADM_PEDM
22,0.6995486137,spearman_ADM_PEDM
22,0.6994249527,spearman_ADM_PEDM
22,0.7182340047,spearman_ADM_PEDM
22,0.7232627065,spearman_ADM_PEDM
22,0.7149058744,spearman_ADM_PEDM
22,0.7218103498,spearman_ADM_PEDM
22,0.747309787,spearman_ADM_PEDM
22,0.701649804,spearman_ADM_PEDM
22,0.7025719824,spearman_ADM_PEDM
24,0.7077914229,spearman_ADM_PEDM
24,0.7139864818,spearman_ADM_PEDM
24,0.7450835917,spearman_ADM_PEDM
24,0.7142205887,spearman_ADM_PEDM
24,0.6910170066,spearman_ADM_PEDM
24,0.7138159759,spearman_ADM_PEDM
24,0.6731731069,spearman_ADM_PEDM
24,0.7025110999,spearman_ADM_PEDM
24,0.6970990316,spearman_ADM_PEDM
24,0.7057109163,spearman_ADM_PEDM
24,0.6906766615,spearman_ADM_PEDM
24,0.730776152,spearman_ADM_PEDM
24,0.7102067663,spearman_ADM_PEDM
24,0.6719526154,spearman_ADM_PEDM
24,0.7040077456,spearman_ADM_PEDM
26,0.6663843787,spearman_ADM_PEDM
26,0.7197541734,spearman_ADM_PEDM
26,0.7055917268,spearman_ADM_PEDM
26,0.7424763665,spearman_ADM_PEDM
26,0.7266369464,spearman_ADM_PEDM
26,0.7592616117,spearman_ADM_PEDM
26,0.653488344,spearman_ADM_PEDM
26,0.7475733138,spearman_ADM_PEDM
26,0.7091518957,spearman_ADM_PEDM
26,0.7454502584,spearman_ADM_PEDM
26,0.6951507104,spearman_ADM_PEDM
26,0.7230485261,spearman_ADM_PEDM
26,0.7377753184,spearman_ADM_PEDM
26,0.7232083996,spearman_ADM_PEDM
26,0.7062660987,spearman_ADM_PEDM
28,0.7010227812,spearman_ADM_PEDM
28,0.7424078312,spearman_ADM_PEDM
28,0.7355421008,spearman_ADM_PEDM
28,0.6558459221,spearman_ADM_PEDM
28,0.7012949594,spearman_ADM_PEDM
28,0.6953210333,spearman_ADM_PEDM
28,0.7287142735,spearman_ADM_PEDM
28,0.6956133958,spearman_ADM_PEDM
28,0.7619402202,spearman_ADM_PEDM
28,0.7391196692,spearman_ADM_PEDM
28,0.7103480912,spearman_ADM_PEDM
28,0.7486928638,spearman_ADM_PEDM
28,0.7313321491,spearman_ADM_PEDM
28,0.7176210719,spearman_ADM_PEDM
28,0.7307899889,spearman_ADM_PEDM
30,0.7145160879,spearman_ADM_PEDM
30,0.7558830967,spearman_ADM_PEDM
30,0.7650027978,spearman_ADM_PEDM
30,0.7576078255,spearman_ADM_PEDM
30,0.746592897,spearman_ADM_PEDM
30,0.7822329722,spearman_ADM_PEDM
30,0.7253821416,spearman_ADM_PEDM
30,0.6973710091,spearman_ADM_PEDM
30,0.7091132753,spearman_ADM_PEDM
30,0.7216666666,spearman_ADM_PEDM
30,0.7329491752,spearman_ADM_PEDM
30,0.7048019464,spearman_ADM_PEDM
30,0.7094910572,spearman_ADM_PEDM
30,0.7151719524,spearman_ADM_PEDM
30,0.7084799363,spearman_ADM_PEDM
32,0.7388479296,spearman_ADM_PEDM
32,0.7427078867,spearman_ADM_PEDM
32,0.7208929892,spearman_ADM_PEDM
32,0.7314478216,spearman_ADM_PEDM
32,0.705916925,spearman_ADM_PEDM
32,0.7401044786,spearman_ADM_PEDM
32,0.7346451139,spearman_ADM_PEDM
32,0.7633394567,spearman_ADM_PEDM
32,0.7198577005,spearman_ADM_PEDM
32,0.7285918958,spearman_ADM_PEDM
32,0.6715328214,spearman_ADM_PEDM
32,0.7243587269,spearman_ADM_PEDM
32,0.7249181587,spearman_ADM_PEDM
32,0.7160760119,spearman_ADM_PEDM
32,0.7882741885,spearman_ADM_PEDM
34,0.7548535512,spearman_ADM_PEDM
34,0.7349091761,spearman_ADM_PEDM
34,0.7273227511,spearman_ADM_PEDM
34,0.7141516771,spearman_ADM_PEDM
34,0.7200642225,spearman_ADM_PEDM
34,0.714158702,spearman_ADM_PEDM
34,0.6868626466,spearman_ADM_PEDM
34,0.6637803132,spearman_ADM_PEDM
34,0.7360457309,spearman_ADM_PEDM
34,0.724844353,spearman_ADM_PEDM
34,0.6987373618,spearman_ADM_PEDM
34,0.7548726232,spearman_ADM_PEDM
34,0.7165583542,spearman_ADM_PEDM
34,0.7011618289,spearman_ADM_PEDM
34,0.720073624,spearman_ADM_PEDM
36,0.6763614038,spearman_ADM_PEDM
36,0.7040934932,spearman_ADM_PEDM
36,0.6898060234,spearman_ADM_PEDM
36,0.7044547876,spearman_ADM_PEDM
36,0.7219698046,spearman_ADM_PEDM
36,0.7610625881,spearman_ADM_PEDM
36,0.7154661188,spearman_ADM_PEDM
36,0.6932452889,spearman_ADM_PEDM
36,0.7278577726,spearman_ADM_PEDM
36,0.7415445403,spearman_ADM_PEDM
36,0.7404093759,spearman_ADM_PEDM
36,0.767838714,spearman_ADM_PEDM
36,0.7529412046,spearman_ADM_PEDM
36,0.7454570449,spearman_ADM_PEDM
36,0.7749800129,spearman_ADM_PEDM
38,0.7458800566,spearman_ADM_PEDM
38,0.7192034457,spearman_ADM_PEDM
38,0.7446430841,spearman_ADM_PEDM
38,0.7382478662,spearman_ADM_PEDM
38,0.7593689207,spearman_ADM_PEDM
38,0.7360956953,spearman_ADM_PEDM
38,0.6998402421,spearman_ADM_PEDM
38,0.752855696,spearman_ADM_PEDM
38,0.7255227372,spearman_ADM_PEDM
38,0.7298443577,spearman_ADM_PEDM
38,0.7352566937,spearman_ADM_PEDM
38,0.7215106779,spearman_ADM_PEDM
38,0.7194634083,spearman_ADM_PEDM
38,0.7354350088,spearman_ADM_PEDM
38,0.753224154,spearman_ADM_PEDM
40,0.7337274567,spearman_ADM_PEDM
40,0.7304104455,spearman_ADM_PEDM
40,0.756654793,spearman_ADM_PEDM
40,0.7409047669,spearman_ADM_PEDM
40,0.7259520213,spearman_ADM_PEDM
40,0.755696418,spearman_ADM_PEDM
40,0.697415512,spearman_ADM_PEDM
40,0.7686956083,spearman_ADM_PEDM
40,0.6862461518,spearman_ADM_PEDM
40,0.7436601889,spearman_ADM_PEDM
40,0.6923779373,spearman_ADM_PEDM
40,0.7084826463,spearman_ADM_PEDM
40,0.7400286738,spearman_ADM_PEDM
40,0.7706722633,spearman_ADM_PEDM
40,0.6942830589,spearman_ADM_PEDM
42,0.7260646429,spearman_ADM_PEDM
42,0.7659029987,spearman_ADM_PEDM
42,0.7344810104,spearman_ADM_PEDM
42,0.7342632716,spearman_ADM_PEDM
42,0.7328754878,spearman_ADM_PEDM
42,0.7608117284,spearman_ADM_PEDM
42,0.7367804864,spearman_ADM_PEDM
42,0.7476341801,spearman_ADM_PEDM
42,0.7461009919,spearman_ADM_PEDM
42,0.7170815521,spearman_ADM_PEDM
42,0.749689614,spearman_ADM_PEDM
42,0.7367781663,spearman_ADM_PEDM
42,0.7647661011,spearman_ADM_PEDM
42,0.7341692402,spearman_ADM_PEDM
42,0.7530853305,spearman_ADM_PEDM
44,0.7522485093,spearman_ADM_PEDM
44,0.7085302679,spearman_ADM_PEDM
44,0.7225309033,spearman_ADM_PEDM
44,0.7745427387,spearman_ADM_PEDM
44,0.7565023482,spearman_ADM_PEDM
44,0.7254001172,spearman_ADM_PEDM
44,0.7530397192,spearman_ADM_PEDM
44,0.7610460657,spearman_ADM_PEDM
44,0.7394389781,spearman_ADM_PEDM
44,0.7307106629,spearman_ADM_PEDM
44,0.767575649,spearman_ADM_PEDM
44,0.7331832297,spearman_ADM_PEDM
44,0.7664135723,spearman_ADM_PEDM
44,0.7434102742,spearman_ADM_PEDM
44,0.6772115086,spearman_ADM_PEDM
46,0.7262784876,spearman_ADM_PEDM
46,0.7359831339,spearman_ADM_PEDM
46,0.7251216181,spearman_ADM_PEDM
46,0.7253640874,spearman_ADM_PEDM
46,0.7152919963,spearman_ADM_PEDM
46,0.7294014057,spearman_ADM_PEDM
46,0.682823714,spearman_ADM_PEDM
46,0.7249450756,spearman_ADM_PEDM
46,0.7419556488,spearman_ADM_PEDM
46,0.7119574527,spearman_ADM_PEDM
46,0.7197581823,spearman_ADM_PEDM
46,0.7112606071,spearman_ADM_PEDM
46,0.7458267549,spearman_ADM_PEDM
46,0.73959487,spearman_ADM_PEDM
46,0.6991521119,spearman_ADM_PEDM
48,0.7349812287,spearman_ADM_PEDM
48,0.7457375539,spearman_ADM_PEDM
48,0.7362079384,spearman_ADM_PEDM
48,0.6992296537,spearman_ADM_PEDM
48,0.7381397645,spearman_ADM_PEDM
48,0.7626215421,spearman_ADM_PEDM
48,0.7075641158,spearman_ADM_PEDM
48,0.7416923121,spearman_ADM_PEDM
48,0.7640761723,spearman_ADM_PEDM
48,0.7519119958,spearman_ADM_PEDM
48,0.7248028004,spearman_ADM_PEDM
48,0.720615444,spearman_ADM_PEDM
48,0.7261121902,spearman_ADM_PEDM
48,0.7360145311,spearman_ADM_PEDM
48,0.7214108827,spearman_ADM_PEDM
50,0.7860308757,spearman_ADM_PEDM
50,0.7192441644,spearman_ADM_PEDM
50,0.7205223477,spearman_ADM_PEDM
50,0.7531729803,spearman_ADM_PEDM
50,0.6734731004,spearman_ADM_PEDM
50,0.757916009,spearman_ADM_PEDM
50,0.742626062,spearman_ADM_PEDM
50,0.7533866552,spearman_ADM_PEDM
50,0.7442243803,spearman_ADM_PEDM
50,0.7362122676,spearman_ADM_PEDM
50,0.7335077505,spearman_ADM_PEDM
50,0.7420315672,spearman_ADM_PEDM
50,0.7454839314,spearman_ADM_PEDM
50,0.7363679514,spearman_ADM_PEDM
50,0.7603432281,spearman_ADM_PEDM
52,0.7811040735,spearman_ADM_PEDM
52,0.7354952696,spearman_ADM_PEDM
52,0.6968380695,spearman_ADM_PEDM
52,0.7351091293,spearman_ADM_PEDM
52,0.7410636895,spearman_ADM_PEDM
52,0.7550525557,spearman_ADM_PEDM
52,0.7481907422,spearman_ADM_PEDM
52,0.7485019536,spearman_ADM_PEDM
52,0.7429182757,spearman_ADM_PEDM
52,0.7515964759,spearman_ADM_PEDM
52,0.7395545032,spearman_ADM_PEDM
52,0.7499971009,spearman_ADM_PEDM
52,0.7356002021,spearman_ADM_PEDM
52,0.7614589047,spearman_ADM_PEDM
52,0.744043226,spearman_ADM_PEDM
54,0.7358628423,spearman_ADM_PEDM
54,0.7706916028,spearman_ADM_PEDM
54,0.7475661445,spearman_ADM_PEDM
54,0.7312236226,spearman_ADM_PEDM
54,0.7463482873,spearman_ADM_PEDM
54,0.742220467,spearman_ADM_PEDM
54,0.7473787068,spearman_ADM_PEDM
54,0.6643906592,spearman_ADM_PEDM
54,0.7333470148,spearman_ADM_PEDM
54,0.7277487093,spearman_ADM_PEDM
54,0.7529328685,spearman_ADM_PEDM
54,0.7567705018,spearman_ADM_PEDM
54,0.7401493809,spearman_ADM_PEDM
54,0.7505811527,spearman_ADM_PEDM
54,0.7383197284,spearman_ADM_PEDM
56,0.7289143676,spearman_ADM_PEDM
56,0.7582103457,spearman_ADM_PEDM
56,0.7445332776,spearman_ADM_PEDM
56,0.72385311,spearman_ADM_PEDM
56,0.733249569,spearman_ADM_PEDM
56,0.7378258341,spearman_ADM_PEDM
56,0.7654320856,spearman_ADM_PEDM
56,0.7635124579,spearman_ADM_PEDM
56,0.7239481588,spearman_ADM_PEDM
56,0.7489614139,spearman_ADM_PEDM
56,0.7460098878,spearman_ADM_PEDM
56,0.7347754759,spearman_ADM_PEDM
56,0.7712483835,spearman_ADM_PEDM
56,0.7387933843,spearman_ADM_PEDM
56,0.7703334418,spearman_ADM_PEDM
58,0.7508302726,spearman_ADM_PEDM
58,0.762772745,spearman_ADM_PEDM
58,0.7480232048,spearman_ADM_PEDM
58,0.7464244784,spearman_ADM_PEDM
58,0.74588947,spearman_ADM_PEDM
58,0.7251622461,spearman_ADM_PEDM
58,0.7529483174,spearman_ADM_PEDM
58,0.7339698183,spearman_ADM_PEDM
58,0.7418139225,spearman_ADM_PEDM
58,0.7658995774,spearman_ADM_PEDM
58,0.7610888046,spearman_ADM_PEDM
58,0.7319638989,spearman_ADM_PEDM
58,0.7666458652,spearman_ADM_PEDM
58,0.7630019516,spearman_ADM_PEDM
58,0.7738206366,spearman_ADM_PEDM
4,0.5638279709,spearman_ADM_PEDM
4,0.639252074,spearman_ADM_PEDM
4,0.5973167165,spearman_ADM_PEDM
4,0.6118753251,spearman_ADM_PEDM
4,0.5481406389,spearman_ADM_PEDM
4,0.6111086145,spearman_ADM_PEDM
4,0.5994127462,spearman_ADM_PEDM
4,0.5436992544,spearman_ADM_PEDM
4,0.5852294264,spearman_ADM_PEDM
4,0.5516551856,spearman_ADM_PEDM
4,0.6511087598,spearman_ADM_PEDM
4,0.6436737114,spearman_ADM_PEDM
4,0.6522542392,spearman_ADM_PEDM
4,0.6792851943,spearman_ADM_PEDM
4,0.6096439148,spearman_ADM_PEDM
60,0.720852866,spearman_ADM_PEDM
60,0.7151946178,spearman_ADM_PEDM
60,0.7480392627,spearman_ADM_PEDM
60,0.7760145146,spearman_ADM_PEDM
60,0.7375908899,spearman_ADM_PEDM
60,0.730374309,spearman_ADM_PEDM
60,0.7570148965,spearman_ADM_PEDM
60,0.7621919593,spearman_ADM_PEDM
60,0.7589273442,spearman_ADM_PEDM
60,0.7473593734,spearman_ADM_PEDM
60,0.7658317137,spearman_ADM_PEDM
60,0.7487611726,spearman_ADM_PEDM
60,0.7508074415,spearman_ADM_PEDM
60,0.7429686764,spearman_ADM_PEDM
60,0.7256354334,spearman_ADM_PEDM
62,0.7763070737,spearman_ADM_PEDM
62,0.720297168,spearman_ADM_PEDM
62,0.7269762478,spearman_ADM_PEDM
62,0.7224597835,spearman_ADM_PEDM
62,0.7525088661,spearman_ADM_PEDM
62,0.7608226353,spearman_ADM_PEDM
62,0.7440895955,spearman_ADM_PEDM
62,0.7319448622,spearman_ADM_PEDM
62,0.7332216465,spearman_ADM_PEDM
62,0.7323905094,spearman_ADM_PEDM
62,0.7598052203,spearman_ADM_PEDM
62,0.7145108649,spearman_ADM_PEDM
62,0.7111462607,spearman_ADM_PEDM
62,0.7289723939,spearman_ADM_PEDM
62,0.6997703028,spearman_ADM_PEDM
64,0.7820273181,spearman_ADM_PEDM
64,0.7726261913,spearman_ADM_PEDM
64,0.7348286719,spearman_ADM_PEDM
64,0.7782327057,spearman_ADM_PEDM
64,0.7382498089,spearman_ADM_PEDM
64,0.7624950842,spearman_ADM_PEDM
64,0.7505489612,spearman_ADM_PEDM
64,0.768342762,spearman_ADM_PEDM
64,0.7499589698,spearman_ADM_PEDM
64,0.7229229652,spearman_ADM_PEDM
64,0.7687071878,spearman_ADM_PEDM
64,0.7515447454,spearman_ADM_PEDM
64,0.7702909546,spearman_ADM_PEDM
64,0.7596098355,spearman_ADM_PEDM
64,0.7225809468,spearman_ADM_PEDM
66,0.7350712739,spearman_ADM_PEDM
66,0.7472448088,spearman_ADM_PEDM
66,0.7558969383,spearman_ADM_PEDM
66,0.7693708223,spearman_ADM_PEDM
66,0.7313805588,spearman_ADM_PEDM
66,0.7457770051,spearman_ADM_PEDM
66,0.7620406516,spearman_ADM_PEDM
66,0.7063574469,spearman_ADM_PEDM
66,0.7358723329,spearman_ADM_PEDM
66,0.7650616412,spearman_ADM_PEDM
66,0.7255387851,spearman_ADM_PEDM
66,0.7396275522,spearman_ADM_PEDM
66,0.7492083817,spearman_ADM_PEDM
66,0.7659807325,spearman_ADM_PEDM
66,0.7144697231,spearman_ADM_PEDM
68,0.7406098587,spearman_ADM_PEDM
68,0.7472431585,spearman_ADM_PEDM
68,0.7343058296,spearman_ADM_PEDM
68,0.7403029334,spearman_ADM_PEDM
68,0.7322807617,spearman_ADM_PEDM
68,0.7449040644,spearman_ADM_PEDM
68,0.7378898322,spearman_ADM_PEDM
68,0.7442011685,spearman_ADM_PEDM
68,0.7373045031,spearman_ADM_PEDM
68,0.7497100585,spearman_ADM_PEDM
68,0.7412402855,spearman_ADM_PEDM
68,0.7913447359,spearman_ADM_PEDM
68,0.7560327365,spearman_ADM_PEDM
68,0.7621056259,spearman_ADM_PEDM
68,0.7490903405,spearman_ADM_PEDM
70,0.73621414,spearman_ADM_PEDM
70,0.7518924666,spearman_ADM_PEDM
70,0.7539494341,spearman_ADM_PEDM
70,0.7151889078,spearman_ADM_PEDM
70,0.7649953486,spearman_ADM_PEDM
70,0.7328654999,spearman_ADM_PEDM
70,0.7806204329,spearman_ADM_PEDM
70,0.743388752,spearman_ADM_PEDM
70,0.7476041247,spearman_ADM_PEDM
70,0.7098958558,spearman_ADM_PEDM
70,0.7406949486,spearman_ADM_PEDM
70,0.7582665104,spearman_ADM_PEDM
70,0.7263580091,spearman_ADM_PEDM
70,0.7309019269,spearman_ADM_PEDM
70,0.7407013356,spearman_ADM_PEDM
72,0.7391390706,spearman_ADM_PEDM
72,0.7262689819,spearman_ADM_PEDM
72,0.7791482389,spearman_ADM_PEDM
72,0.7639940896,spearman_ADM_PEDM
72,0.774692299,spearman_ADM_PEDM
72,0.7426399183,spearman_ADM_PEDM
72,0.7424134243,spearman_ADM_PEDM
72,0.7371237992,spearman_ADM_PEDM
72,0.722473765,spearman_ADM_PEDM
72,0.742113048,spearman_ADM_PEDM
72,0.7684338908,spearman_ADM_PEDM
72,0.7328271919,spearman_ADM_PEDM
72,0.7537940478,spearman_ADM_PEDM
72,0.7428522609,spearman_ADM_PEDM
72,0.7566248036,spearman_ADM_PEDM
74,0.7383032759,spearman_ADM_PEDM
74,0.720493969,spearman_ADM_PEDM
74,0.76386707,spearman_ADM_PEDM
74,0.7425077084,spearman_ADM_PEDM
74,0.7648970001,spearman_ADM_PEDM
74,0.7328864222,spearman_ADM_PEDM
74,0.7644227029,spearman_ADM_PEDM
74,0.7387208685,spearman_ADM_PEDM
74,0.734395553,spearman_ADM_PEDM
74,0.724863205,spearman_ADM_PEDM
74,0.7517127427,spearman_ADM_PEDM
74,0.7487746776,spearman_ADM_PEDM
74,0.7471219433,spearman_ADM_PEDM
74,0.7255787295,spearman_ADM_PEDM
74,0.7360763047,spearman_ADM_PEDM
76,0.7764949872,spearman_ADM_PEDM
76,0.7731620102,spearman_ADM_PEDM
76,0.7721049453,spearman_ADM_PEDM
76,0.6995071966,spearman_ADM_PEDM
76,0.7313524725,spearman_ADM_PEDM
76,0.7495063802,spearman_ADM_PEDM
76,0.7364102102,spearman_ADM_PEDM
76,0.7389162248,spearman_ADM_PEDM
76,0.7655621565,spearman_ADM_PEDM
76,0.7578809126,spearman_ADM_PEDM
76,0.7445934186,spearman_ADM_PEDM
76,0.7586473789,spearman_ADM_PEDM
76,0.737752102,spearman_ADM_PEDM
76,0.7658772201,spearman_ADM_PEDM
76,0.7515638409,spearman_ADM_PEDM
78,0.7679059237,spearman_ADM_PEDM
78,0.7448173993,spearman_ADM_PEDM
78,0.7581962936,spearman_ADM_PEDM
78,0.7546285234,spearman_ADM_PEDM
78,0.7536044207,spearman_ADM_PEDM
78,0.7502930735,spearman_ADM_PEDM
78,0.7571021422,spearman_ADM_PEDM
78,0.7480743401,spearman_ADM_PEDM
78,0.7557622032,spearman_ADM_PEDM
78,0.7524632866,spearman_ADM_PEDM
78,0.7517390324,spearman_ADM_PEDM
78,0.7563864874,spearman_ADM_PEDM
78,0.7416175553,spearman_ADM_PEDM
78,0.7733432968,spearman_ADM_PEDM
78,0.7623048102,spearman_ADM_PEDM
6,0.6411727086,spearman_ADM_PEDM
6,0.7032895031,spearman_ADM_PEDM
6,0.7115022348,spearman_ADM_PEDM
6,0.6311977518,spearman_ADM_PEDM
6,0.615181433,spearman_ADM_PEDM
6,0.676410297,spearman_ADM_PEDM
6,0.6504145768,spearman_ADM_PEDM
6,0.5658443364,spearman_ADM_PEDM
6,0.7086732916,spearman_ADM_PEDM
6,0.5697562823,spearman_ADM_PEDM
6,0.673201022,spearman_ADM_PEDM
6,0.6316911016,spearman_ADM_PEDM
6,0.6417675266,spearman_ADM_PEDM
6,0.7109060772,spearman_ADM_PEDM
6,0.6474283261,spearman_ADM_PEDM
80,0.7320675377,spearman_ADM_PEDM
80,0.7350294247,spearman_ADM_PEDM
80,0.7709383489,spearman_ADM_PEDM
80,0.7277524951,spearman_ADM_PEDM
80,0.7387638904,spearman_ADM_PEDM
80,0.7626168966,spearman_ADM_PEDM
80,0.7469723566,spearman_ADM_PEDM
80,0.7486827508,spearman_ADM_PEDM
80,0.7319647684,spearman_ADM_PEDM
80,0.7301980997,spearman_ADM_PEDM
80,0.7403993742,spearman_ADM_PEDM
80,0.7587373289,spearman_ADM_PEDM
80,0.7726460094,spearman_ADM_PEDM
80,0.7598131886,spearman_ADM_PEDM
80,0.7763007129,spearman_ADM_PEDM
82,0.7646914467,spearman_ADM_PEDM
82,0.7698666697,spearman_ADM_PEDM
82,0.7419129818,spearman_ADM_PEDM
82,0.7157551818,spearman_ADM_PEDM
82,0.7586423678,spearman_ADM_PEDM
82,0.7577507324,spearman_ADM_PEDM
82,0.7577548438,spearman_ADM_PEDM
82,0.7455924022,spearman_ADM_PEDM
82,0.7734597178,spearman_ADM_PEDM
82,0.7295663075,spearman_ADM_PEDM
82,0.7499784267,spearman_ADM_PEDM
82,0.7137828399,spearman_ADM_PEDM
82,0.7161787999,spearman_ADM_PEDM
82,0.775915631,spearman_ADM_PEDM
82,0.7419320577,spearman_ADM_PEDM
84,0.7542725812,spearman_ADM_PEDM
84,0.7656333333,spearman_ADM_PEDM
84,0.7370808426,spearman_ADM_PEDM
84,0.7572677389,spearman_ADM_PEDM
84,0.7398795392,spearman_ADM_PEDM
84,0.745149477,spearman_ADM_PEDM
84,0.7436183001,spearman_ADM_PEDM
84,0.7270553221,spearman_ADM_PEDM
84,0.7319210322,spearman_ADM_PEDM
84,0.7379339236,spearman_ADM_PEDM
84,0.7510412837,spearman_ADM_PEDM
84,0.7732097341,spearman_ADM_PEDM
84,0.736079193,spearman_ADM_PEDM
84,0.7553227052,spearman_ADM_PEDM
84,0.7547299895,spearman_ADM_PEDM
86,0.741767149,spearman_ADM_PEDM
86,0.7656461073,spearman_ADM_PEDM
86,0.759575881,spearman_ADM_PEDM
86,0.736219064,spearman_ADM_PEDM
86,0.7512851589,spearman_ADM_PEDM
86,0.765910331,spearman_ADM_PEDM
86,0.7107546944,spearman_ADM_PEDM
86,0.7441282136,spearman_ADM_PEDM
86,0.7188066498,spearman_ADM_PEDM
86,0.7202171325,spearman_ADM_PEDM
86,0.7724968827,spearman_ADM_PEDM
86,0.7733859266,spearman_ADM_PEDM
86,0.7418904704,spearman_ADM_PEDM
86,0.7505646779,spearman_ADM_PEDM
86,0.735800373,spearman_ADM_PEDM
88,0.7534954852,spearman_ADM_PEDM
88,0.7553024685,spearman_ADM_PEDM
88,0.7483545874,spearman_ADM_PEDM
88,0.7438066338,spearman_ADM_PEDM
88,0.7165641888,spearman_ADM_PEDM
88,0.7556476289,spearman_ADM_PEDM
88,0.7539854094,spearman_ADM_PEDM
88,0.7527467533,spearman_ADM_PEDM
88,0.7586423463,spearman_ADM_PEDM
88,0.7685787947,spearman_ADM_PEDM
88,0.753993575,spearman_ADM_PEDM
88,0.759002767,spearman_ADM_PEDM
88,0.7503621995,spearman_ADM_PEDM
88,0.7834000048,spearman_ADM_PEDM
88,0.7497585866,spearman_ADM_PEDM
90,0.7536567427,spearman_ADM_PEDM
90,0.7437271254,spearman_ADM_PEDM
90,0.7550330217,spearman_ADM_PEDM
90,0.7518399674,spearman_ADM_PEDM
90,0.7587312489,spearman_ADM_PEDM
90,0.7329349914,spearman_ADM_PEDM
90,0.7602195223,spearman_ADM_PEDM
90,0.7594526911,spearman_ADM_PEDM
90,0.7268491192,spearman_ADM_PEDM
90,0.7708184799,spearman_ADM_PEDM
90,0.774774806,spearman_ADM_PEDM
90,0.7381385654,spearman_ADM_PEDM
90,0.7496488532,spearman_ADM_PEDM
90,0.7389125945,spearman_ADM_PEDM
90,0.7592104708,spearman_ADM_PEDM
92,0.7870819097,spearman_ADM_PEDM
92,0.7581395382,spearman_ADM_PEDM
92,0.7562294426,spearman_ADM_PEDM
92,0.7550066684,spearman_ADM_PEDM
92,0.7223856051,spearman_ADM_PEDM
92,0.7706883661,spearman_ADM_PEDM
92,0.7602039791,spearman_ADM_PEDM
92,0.7505291631,spearman_ADM_PEDM
92,0.7266767335,spearman_ADM_PEDM
92,0.7541320848,spearman_ADM_PEDM
92,0.7384540774,spearman_ADM_PEDM
92,0.7547190139,spearman_ADM_PEDM
92,0.7407845144,spearman_ADM_PEDM
92,0.7596122609,spearman_ADM_PEDM
92,0.7333555304,spearman_ADM_PEDM
94,0.7714971774,spearman_ADM_PEDM
94,0.7364335643,spearman_ADM_PEDM
94,0.7441584614,spearman_ADM_PEDM
94,0.7698145403,spearman_ADM_PEDM
94,0.7646867318,spearman_ADM_PEDM
94,0.755887824,spearman_ADM_PEDM
94,0.7500346664,spearman_ADM_PEDM
94,0.7782580985,spearman_ADM_PEDM
94,0.757083932,spearman_ADM_PEDM
94,0.7703878346,spearman_ADM_PEDM
94,0.7628577744,spearman_ADM_PEDM
94,0.752019681,spearman_ADM_PEDM
94,0.7658820266,spearman_ADM_PEDM
94,0.7532301698,spearman_ADM_PEDM
94,0.7188166767,spearman_ADM_PEDM
96,0.748409388,spearman_ADM_PEDM
96,0.7459455817,spearman_ADM_PEDM
96,0.7567618134,spearman_ADM_PEDM
96,0.7350369764,spearman_ADM_PEDM
96,0.7465055235,spearman_ADM_PEDM
96,0.7413189501,spearman_ADM_PEDM
96,0.7305253338,spearman_ADM_PEDM
96,0.7752520363,spearman_ADM_PEDM
96,0.7697243984,spearman_ADM_PEDM
96,0.7597081245,spearman_ADM_PEDM
96,0.7212169456,spearman_ADM_PEDM
96,0.7532775725,spearman_ADM_PEDM
96,0.7794213427,spearman_ADM_PEDM
96,0.744907081,spearman_ADM_PEDM
96,0.772867246,spearman_ADM_PEDM
98,0.7519089732,spearman_ADM_PEDM
98,0.730160446,spearman_ADM_PEDM
98,0.7620380376,spearman_ADM_PEDM
98,0.745465211,spearman_ADM_PEDM
98,0.7395921338,spearman_ADM_PEDM
98,0.7723938432,spearman_ADM_PEDM
98,0.7616773922,spearman_ADM_PEDM
98,0.742059111,spearman_ADM_PEDM
98,0.7256953795,spearman_ADM_PEDM
98,0.7534585149,spearman_ADM_PEDM
98,0.7496957759,spearman_ADM_PEDM
98,0.7437534255,spearman_ADM_PEDM
98,0.7668426843,spearman_ADM_PEDM
98,0.7737731886,spearman_ADM_PEDM
98,0.7564810824,spearman_ADM_PEDM
8,0.6633414323,spearman_ADM_PEDM
8,0.604467859,spearman_ADM_PEDM
8,0.6617004141,spearman_ADM_PEDM
8,0.6197759802,spearman_ADM_PEDM
8,0.66079016,spearman_ADM_PEDM
8,0.703349049,spearman_ADM_PEDM
8,0.7469758604,spearman_ADM_PEDM
8,0.6490436443,spearman_ADM_PEDM
8,0.6785029488,spearman_ADM_PEDM
8,0.700903192,spearman_ADM_PEDM
8,0.6701186119,spearman_ADM_PEDM
8,0.6674170666,spearman_ADM_PEDM
8,0.6916655675,spearman_ADM_PEDM
8,0.6580090928,spearman_ADM_PEDM
8,0.6790319163,spearman_ADM_PEDM
100,0.7778898896,spearman_ADM_PEDM
100,0.7607656878,spearman_ADM_PEDM
100,0.7527521921,spearman_ADM_PEDM
100,0.7404571095,spearman_ADM_PEDM
100,0.7529077629,spearman_ADM_PEDM
100,0.7568129982,spearman_ADM_PEDM
100,0.7381109812,spearman_ADM_PEDM
100,0.7268420731,spearman_ADM_PEDM
100,0.769298758,spearman_ADM_PEDM
100,0.7536248478,spearman_ADM_PEDM
100,0.7413994814,spearman_ADM_PEDM
100,0.7748687071,spearman_ADM_PEDM
100,0.7434694266,spearman_ADM_PEDM
100,0.7612985585,spearman_ADM_PEDM
100,0.7334718199,spearman_ADM_PEDM
10,0.7345368815,spearman_ADM_PEDM
10,0.6641937215,spearman_ADM_PEDM
10,0.6986219812,spearman_ADM_PEDM
10,0.6428355983,spearman_ADM_PEDM
10,0.6046046443,spearman_ADM_PEDM
10,0.7066594024,spearman_ADM_PEDM
10,0.7073887915,spearman_ADM_PEDM
10,0.6287184444,spearman_ADM_PEDM
10,0.7054677171,spearman_ADM_PEDM
10,0.6893423939,spearman_ADM_PEDM
10,0.6582086129,spearman_ADM_PEDM
10,0.6639362396,spearman_ADM_PEDM
10,0.6173139152,spearman_ADM_PEDM
10,0.705155994,spearman_ADM_PEDM
10,0.6678357098,spearman_ADM_PEDM
12,0.659103655,spearman_ADM_PEDM
12,0.6696301149,spearman_ADM_PEDM
12,0.6518770401,spearman_ADM_PEDM
12,0.640144961,spearman_ADM_PEDM
12,0.7356490403,spearman_ADM_PEDM
12,0.7489506142,spearman_ADM_PEDM
12,0.7291685045,spearman_ADM_PEDM
12,0.7618422589,spearman_ADM_PEDM
12,0.6890959371,spearman_ADM_PEDM
12,0.6755571755,spearman_ADM_PEDM
12,0.6758281942,spearman_ADM_PEDM
12,0.6492251588,spearman_ADM_PEDM
12,0.6963544119,spearman_ADM_PEDM
12,0.7044010243,spearman_ADM_PEDM
12,0.7311008837,spearman_ADM_PEDM
14,0.753431863,spearman_ADM_PEDM
14,0.6470296852,spearman_ADM_PEDM
14,0.7092332549,spearman_ADM_PEDM
14,0.6672216558,spearman_ADM_PEDM
14,0.6637973416,spearman_ADM_PEDM
14,0.7069653642,spearman_ADM_PEDM
14,0.6013483777,spearman_ADM_PEDM
14,0.7098700913,spearman_ADM_PEDM
14,0.7426662107,spearman_ADM_PEDM
14,0.6701113229,spearman_ADM_PEDM
14,0.7094991989,spearman_ADM_PEDM
14,0.6084887221,spearman_ADM_PEDM
14,0.6390697284,spearman_ADM_PEDM
14,0.6940692631,spearman_ADM_PEDM
14,0.6838099662,spearman_ADM_PEDM
16,0.7151695314,spearman_ADM_PEDM
16,0.6760288707,spearman_ADM_PEDM
16,0.6561242487,spearman_ADM_PEDM
16,0.7039719165,spearman_ADM_PEDM
16,0.7425628626,spearman_ADM_PEDM
16,0.6983202388,spearman_ADM_PEDM
16,0.6818517277,spearman_ADM_PEDM
16,0.6945025195,spearman_ADM_PEDM
16,0.6993082273,spearman_ADM_PEDM
16,0.7480575216,spearman_ADM_PEDM
16,0.6133134009,spearman_ADM_PEDM
16,0.7111939475,spearman_ADM_PEDM
16,0.7142022317,spearman_ADM_PEDM
16,0.70408536,spearman_ADM_PEDM
16,0.7244183086,spearman_ADM_PEDM
18,0.707065136,spearman_ADM_PEDM
18,0.6982229542,spearman_ADM_PEDM
18,0.7448378335,spearman_ADM_PEDM
18,0.6838005835,spearman_ADM_PEDM
18,0.7085223686,spearman_ADM_PEDM
18,0.7319852855,spearman_ADM_PEDM
18,0.6764310251,spearman_ADM_PEDM
18,0.7177415447,spearman_ADM_PEDM
18,0.7195994109,spearman_ADM_PEDM
18,0.736283021,spearman_ADM_PEDM
18,0.6536562702,spearman_ADM_PEDM
18,0.6900351747,spearman_ADM_PEDM
18,0.7238636267,spearman_ADM_PEDM
18,0.7119531254,spearman_ADM_PEDM
18,0.6770319886,spearman_ADM_PEDM
20,0.7080227975,spearman_ADM_FEDM
20,0.7164220909,spearman_ADM_FEDM
20,0.7225445995,spearman_ADM_FEDM
20,0.713428514,spearman_ADM_FEDM
20,0.7108254051,spearman_ADM_FEDM
20,0.7168626398,spearman_ADM_FEDM
20,0.7170361602,spearman_ADM_FEDM
20,0.7156502106,spearman_ADM_FEDM
20,0.7014492311,spearman_ADM_FEDM
20,0.7189231278,spearman_ADM_FEDM
20,0.7234068188,spearman_ADM_FEDM
20,0.7144110025,spearman_ADM_FEDM
20,0.7158861338,spearman_ADM_FEDM
20,0.7294131901,spearman_ADM_FEDM
20,0.713560112,spearman_ADM_FEDM
22,0.7178827418,spearman_ADM_FEDM
22,0.7162158391,spearman_ADM_FEDM
22,0.7317189572,spearman_ADM_FEDM
22,0.7200496512,spearman_ADM_FEDM
22,0.7242536632,spearman_ADM_FEDM
22,0.7086982502,spearman_ADM_FEDM
22,0.7176883578,spearman_ADM_FEDM
22,0.7272978741,spearman_ADM_FEDM
22,0.7203309515,spearman_ADM_FEDM
22,0.7139410718,spearman_ADM_FEDM
22,0.7176361984,spearman_ADM_FEDM
22,0.7342151548,spearman_ADM_FEDM
22,0.7239627477,spearman_ADM_FEDM
22,0.7282608748,spearman_ADM_FEDM
22,0.7248609615,spearman_ADM_FEDM
24,0.7239846141,spearman_ADM_FEDM
24,0.7153291467,spearman_ADM_FEDM
24,0.7307092675,spearman_ADM_FEDM
24,0.7383953301,spearman_ADM_FEDM
24,0.7307110547,spearman_ADM_FEDM
24,0.7175027313,spearman_ADM_FEDM
24,0.7261574743,spearman_ADM_FEDM
24,0.7274967019,spearman_ADM_FEDM
24,0.7199747799,spearman_ADM_FEDM
24,0.7357675881,spearman_ADM_FEDM
24,0.7251071557,spearman_ADM_FEDM
24,0.7215857242,spearman_ADM_FEDM
24,0.7219182398,spearman_ADM_FEDM
24,0.7238095831,spearman_ADM_FEDM
24,0.713024017,spearman_ADM_FEDM
26,0.7227274138,spearman_ADM_FEDM
26,0.7253225882,spearman_ADM_FEDM
26,0.7232796821,spearman_ADM_FEDM
26,0.7124502875,spearman_ADM_FEDM
26,0.7335746131,spearman_ADM_FEDM
26,0.7322591702,spearman_ADM_FEDM
26,0.7292887811,spearman_ADM_FEDM
26,0.7190493627,spearman_ADM_FEDM
26,0.726252167,spearman_ADM_FEDM
26,0.7407540737,spearman_ADM_FEDM
26,0.7278510394,spearman_ADM_FEDM
26,0.7355339916,spearman_ADM_FEDM
26,0.727496053,spearman_ADM_FEDM
26,0.7272813466,spearman_ADM_FEDM
26,0.7256144248,spearman_ADM_FEDM
28,0.7415116169,spearman_ADM_FEDM
28,0.7389358831,spearman_ADM_FEDM
28,0.731517401,spearman_ADM_FEDM
28,0.7286685216,spearman_ADM_FEDM
28,0.7297193531,spearman_ADM_FEDM
28,0.7192607758,spearman_ADM_FEDM
28,0.7345567884,spearman_ADM_FEDM
28,0.72224795,spearman_ADM_FEDM
28,0.730924549,spearman_ADM_FEDM
28,0.7237702792,spearman_ADM_FEDM
28,0.7260984979,spearman_ADM_FEDM
28,0.7333419154,spearman_ADM_FEDM
28,0.7313446797,spearman_ADM_FEDM
28,0.7284238747,spearman_ADM_FEDM
28,0.7319855131,spearman_ADM_FEDM
30,0.7396846883,spearman_ADM_FEDM
30,0.7216233188,spearman_ADM_FEDM
30,0.7370178137,spearman_ADM_FEDM
30,0.7303242205,spearman_ADM_FEDM
30,0.7316105528,spearman_ADM_FEDM
30,0.739600726,spearman_ADM_FEDM
30,0.7212812885,spearman_ADM_FEDM
30,0.726894698,spearman_ADM_FEDM
30,0.7337381188,spearman_ADM_FEDM
30,0.726847409,spearman_ADM_FEDM
30,0.7255232926,spearman_ADM_FEDM
30,0.7331559392,spearman_ADM_FEDM
30,0.7387429509,spearman_ADM_FEDM
30,0.7315700804,spearman_ADM_FEDM
30,0.730882302,spearman_ADM_FEDM
32,0.7455137328,spearman_ADM_FEDM
32,0.7290032433,spearman_ADM_FEDM
32,0.7418429442,spearman_ADM_FEDM
32,0.7297038755,spearman_ADM_FEDM
32,0.7300580956,spearman_ADM_FEDM
32,0.7287552515,spearman_ADM_FEDM
32,0.7338057195,spearman_ADM_FEDM
32,0.7393337573,spearman_ADM_FEDM
32,0.7293303989,spearman_ADM_FEDM
32,0.7270929788,spearman_ADM_FEDM
32,0.7246685598,spearman_ADM_FEDM
32,0.7283033301,spearman_ADM_FEDM
32,0.7383888006,spearman_ADM_FEDM
32,0.7261933985,spearman_ADM_FEDM
32,0.7333460841,spearman_ADM_FEDM
34,0.7411226762,spearman_ADM_FEDM
34,0.7279461567,spearman_ADM_FEDM
34,0.7272070069,spearman_ADM_FEDM
34,0.7338140446,spearman_ADM_FEDM
34,0.7271212159,spearman_ADM_FEDM
34,0.7324283953,spearman_ADM_FEDM
34,0.7363546973,spearman_ADM_FEDM
34,0.7424463246,spearman_ADM_FEDM
34,0.7272643202,spearman_ADM_FEDM
34,0.7294781791,spearman_ADM_FEDM
34,0.7404953354,spearman_ADM_FEDM
34,0.732694841,spearman_ADM_FEDM
34,0.7314289853,spearman_ADM_FEDM
34,0.7365658068,spearman_ADM_FEDM
34,0.7368868449,spearman_ADM_FEDM
36,0.7405512993,spearman_ADM_FEDM
36,0.7326647108,spearman_ADM_FEDM
36,0.7460274993,spearman_ADM_FEDM
36,0.7384240226,spearman_ADM_FEDM
36,0.748002342,spearman_ADM_FEDM
36,0.7376202717,spearman_ADM_FEDM
36,0.7363544779,spearman_ADM_FEDM
36,0.7327484941,spearman_ADM_FEDM
36,0.737517128,spearman_ADM_FEDM
36,0.7515487307,spearman_ADM_FEDM
36,0.7474947089,spearman_ADM_FEDM
36,0.7398188277,spearman_ADM_FEDM
36,0.7469778751,spearman_ADM_FEDM
36,0.7334957622,spearman_ADM_FEDM
36,0.7408629834,spearman_ADM_FEDM
38,0.741648234,spearman_ADM_FEDM
38,0.7473306874,spearman_ADM_FEDM
38,0.738659186,spearman_ADM_FEDM
38,0.738627537,spearman_ADM_FEDM
38,0.7380364267,spearman_ADM_FEDM
38,0.7417151661,spearman_ADM_FEDM
38,0.7402938198,spearman_ADM_FEDM
38,0.7371795248,spearman_ADM_FEDM
38,0.7479589783,spearman_ADM_FEDM
38,0.7353003349,spearman_ADM_FEDM
38,0.7412108241,spearman_ADM_FEDM
38,0.7347479481,spearman_ADM_FEDM
38,0.7380629681,spearman_ADM_FEDM
38,0.7439255879,spearman_ADM_FEDM
38,0.7356388318,spearman_ADM_FEDM
40,0.740029561,spearman_ADM_FEDM
40,0.752368068,spearman_ADM_FEDM
40,0.7425527321,spearman_ADM_FEDM
40,0.7491296691,spearman_ADM_FEDM
40,0.7457267228,spearman_ADM_FEDM
40,0.7292381857,spearman_ADM_FEDM
40,0.7444523884,spearman_ADM_FEDM
40,0.7394944708,spearman_ADM_FEDM
40,0.7346536468,spearman_ADM_FEDM
40,0.7341913421,spearman_ADM_FEDM
40,0.7394487539,spearman_ADM_FEDM
40,0.7314788892,spearman_ADM_FEDM
40,0.7417196424,spearman_ADM_FEDM
40,0.7438537698,spearman_ADM_FEDM
40,0.7481167036,spearman_ADM_FEDM
42,0.7405463798,spearman_ADM_FEDM
42,0.7371036647,spearman_ADM_FEDM
42,0.7259952954,spearman_ADM_FEDM
42,0.7394419521,spearman_ADM_FEDM
42,0.7456215368,spearman_ADM_FEDM
42,0.7448560917,spearman_ADM_FEDM
42,0.7507692905,spearman_ADM_FEDM
42,0.7490170075,spearman_ADM_FEDM
42,0.7428101532,spearman_ADM_FEDM
42,0.7570492897,spearman_ADM_FEDM
42,0.7447229609,spearman_ADM_FEDM
42,0.7485613665,spearman_ADM_FEDM
42,0.7495809229,spearman_ADM_FEDM
42,0.7481799318,spearman_ADM_FEDM
42,0.7363205547,spearman_ADM_FEDM
44,0.750304063,spearman_ADM_FEDM
44,0.7556417718,spearman_ADM_FEDM
44,0.7493591721,spearman_ADM_FEDM
44,0.7477977159,spearman_ADM_FEDM
44,0.746177519,spearman_ADM_FEDM
44,0.7387251318,spearman_ADM_FEDM
44,0.7426680131,spearman_ADM_FEDM
44,0.7382425415,spearman_ADM_FEDM
44,0.7427200188,spearman_ADM_FEDM
44,0.7480581739,spearman_ADM_FEDM
44,0.74082033,spearman_ADM_FEDM
44,0.739703411,spearman_ADM_FEDM
44,0.7308361509,spearman_ADM_FEDM
44,0.7410924655,spearman_ADM_FEDM
44,0.7455586902,spearman_ADM_FEDM
46,0.7495129783,spearman_ADM_FEDM
46,0.742322373,spearman_ADM_FEDM
46,0.7607548081,spearman_ADM_FEDM
46,0.7483799557,spearman_ADM_FEDM
46,0.7419815475,spearman_ADM_FEDM
46,0.7536419255,spearman_ADM_FEDM
46,0.7550424893,spearman_ADM_FEDM
46,0.7490303966,spearman_ADM_FEDM
46,0.7510443253,spearman_ADM_FEDM
46,0.7474865606,spearman_ADM_FEDM
46,0.7429044161,spearman_ADM_FEDM
46,0.7436377353,spearman_ADM_FEDM
46,0.747202736,spearman_ADM_FEDM
46,0.7502134001,spearman_ADM_FEDM
46,0.7442935826,spearman_ADM_FEDM
48,0.7455057171,spearman_ADM_FEDM
48,0.7574407388,spearman_ADM_FEDM
48,0.7534694371,spearman_ADM_FEDM
48,0.7586451159,spearman_ADM_FEDM
48,0.7550171386,spearman_ADM_FEDM
48,0.7557095957,spearman_ADM_FEDM
48,0.746417758,spearman_ADM_FEDM
48,0.7509882237,spearman_ADM_FEDM
48,0.7487020912,spearman_ADM_FEDM
48,0.7528271118,spearman_ADM_FEDM
48,0.7574539785,spearman_ADM_FEDM
48,0.7475540196,spearman_ADM_FEDM
48,0.7523514689,spearman_ADM_FEDM
48,0.7448071851,spearman_ADM_FEDM
48,0.7614444195,spearman_ADM_FEDM
50,0.7522625058,spearman_ADM_FEDM
50,0.7490825506,spearman_ADM_FEDM
50,0.7462280069,spearman_ADM_FEDM
50,0.7609736109,spearman_ADM_FEDM
50,0.7515233181,spearman_ADM_FEDM
50,0.7491815898,spearman_ADM_FEDM
50,0.7523911621,spearman_ADM_FEDM
50,0.7514598944,spearman_ADM_FEDM
50,0.7568907255,spearman_ADM_FEDM
50,0.742572529,spearman_ADM_FEDM
50,0.7495057837,spearman_ADM_FEDM
50,0.7667891698,spearman_ADM_FEDM
50,0.7541679807,spearman_ADM_FEDM
50,0.7603145449,spearman_ADM_FEDM
50,0.7547871004,spearman_ADM_FEDM
52,0.7580107859,spearman_ADM_FEDM
52,0.7522888827,spearman_ADM_FEDM
52,0.759034592,spearman_ADM_FEDM
52,0.7556601629,spearman_ADM_FEDM
52,0.746649099,spearman_ADM_FEDM
52,0.7528004317,spearman_ADM_FEDM
52,0.7459895616,spearman_ADM_FEDM
52,0.760754533,spearman_ADM_FEDM
52,0.7496198692,spearman_ADM_FEDM
52,0.7496656208,spearman_ADM_FEDM
52,0.7529145879,spearman_ADM_FEDM
52,0.7517491406,spearman_ADM_FEDM
52,0.7452391807,spearman_ADM_FEDM
52,0.7557381203,spearman_ADM_FEDM
52,0.7552981722,spearman_ADM_FEDM
54,0.7512425577,spearman_ADM_FEDM
54,0.7487117253,spearman_ADM_FEDM
54,0.7629172427,spearman_ADM_FEDM
54,0.7589309669,spearman_ADM_FEDM
54,0.7625346935,spearman_ADM_FEDM
54,0.750360301,spearman_ADM_FEDM
54,0.7617909104,spearman_ADM_FEDM
54,0.7624948286,spearman_ADM_FEDM
54,0.7578400931,spearman_ADM_FEDM
54,0.7496969511,spearman_ADM_FEDM
54,0.751377526,spearman_ADM_FEDM
54,0.7491985772,spearman_ADM_FEDM
54,0.7574680943,spearman_ADM_FEDM
54,0.7508607373,spearman_ADM_FEDM
54,0.7517759231,spearman_ADM_FEDM
56,0.7618655784,spearman_ADM_FEDM
56,0.7525662804,spearman_ADM_FEDM
56,0.7557668291,spearman_ADM_FEDM
56,0.7633298924,spearman_ADM_FEDM
56,0.7596133121,spearman_ADM_FEDM
56,0.7616899948,spearman_ADM_FEDM
56,0.7573610981,spearman_ADM_FEDM
56,0.7570315354,spearman_ADM_FEDM
56,0.7573651076,spearman_ADM_FEDM
56,0.7659241321,spearman_ADM_FEDM
56,0.7619460807,spearman_ADM_FEDM
56,0.7518247092,spearman_ADM_FEDM
56,0.7566661082,spearman_ADM_FEDM
56,0.7582854847,spearman_ADM_FEDM
56,0.7512770695,spearman_ADM_FEDM
58,0.7667465803,spearman_ADM_FEDM
58,0.7587089679,spearman_ADM_FEDM
58,0.7516540209,spearman_ADM_FEDM
58,0.7578628719,spearman_ADM_FEDM
58,0.7639045978,spearman_ADM_FEDM
58,0.7616588962,spearman_ADM_FEDM
58,0.7493912672,spearman_ADM_FEDM
58,0.7675491101,spearman_ADM_FEDM
58,0.757508168,spearman_ADM_FEDM
58,0.7538805051,spearman_ADM_FEDM
58,0.7580591134,spearman_ADM_FEDM
58,0.7526513758,spearman_ADM_FEDM
58,0.751148686,spearman_ADM_FEDM
58,0.7663471693,spearman_ADM_FEDM
58,0.7549760587,spearman_ADM_FEDM
4,0.5786560569,spearman_ADM_FEDM
4,0.5839192253,spearman_ADM_FEDM
4,0.5787308467,spearman_ADM_FEDM
4,0.5798916115,spearman_ADM_FEDM
4,0.5755691473,spearman_ADM_FEDM
4,0.57473567,spearman_ADM_FEDM
4,0.5754890077,spearman_ADM_FEDM
4,0.5793389442,spearman_ADM_FEDM
4,0.5757667101,spearman_ADM_FEDM
4,0.5801604499,spearman_ADM_FEDM
4,0.576760336,spearman_ADM_FEDM
4,0.5780908017,spearman_ADM_FEDM
4,0.5714867023,spearman_ADM_FEDM
4,0.5882706027,spearman_ADM_FEDM
4,0.5743286019,spearman_ADM_FEDM
60,0.7540324168,spearman_ADM_FEDM
60,0.7567917316,spearman_ADM_FEDM
60,0.7521617603,spearman_ADM_FEDM
60,0.7566702617,spearman_ADM_FEDM
60,0.7604199519,spearman_ADM_FEDM
60,0.7587551596,spearman_ADM_FEDM
60,0.7698915853,spearman_ADM_FEDM
60,0.7605299034,spearman_ADM_FEDM
60,0.7636011353,spearman_ADM_FEDM
60,0.7672406298,spearman_ADM_FEDM
60,0.7623876429,spearman_ADM_FEDM
60,0.7614536911,spearman_ADM_FEDM
60,0.7644126853,spearman_ADM_FEDM
60,0.7641311568,spearman_ADM_FEDM
60,0.7647673674,spearman_ADM_FEDM
62,0.7594289098,spearman_ADM_FEDM
62,0.7747109586,spearman_ADM_FEDM
62,0.7642110692,spearman_ADM_FEDM
62,0.7568827683,spearman_ADM_FEDM
62,0.7568639851,spearman_ADM_FEDM
62,0.767529291,spearman_ADM_FEDM
62,0.758152617,spearman_ADM_FEDM
62,0.7712568198,spearman_ADM_FEDM
62,0.7621223205,spearman_ADM_FEDM
62,0.768925262,spearman_ADM_FEDM
62,0.7654760417,spearman_ADM_FEDM
62,0.760739091,spearman_ADM_FEDM
62,0.7601042904,spearman_ADM_FEDM
62,0.7531377514,spearman_ADM_FEDM
62,0.7575276305,spearman_ADM_FEDM
64,0.7611852859,spearman_ADM_FEDM
64,0.7674940673,spearman_ADM_FEDM
64,0.7714703464,spearman_ADM_FEDM
64,0.7620726915,spearman_ADM_FEDM
64,0.756038787,spearman_ADM_FEDM
64,0.7497733029,spearman_ADM_FEDM
64,0.7664635433,spearman_ADM_FEDM
64,0.7556177971,spearman_ADM_FEDM
64,0.7613841351,spearman_ADM_FEDM
64,0.7710448945,spearman_ADM_FEDM
64,0.7558595411,spearman_ADM_FEDM
64,0.7660771852,spearman_ADM_FEDM
64,0.7669195428,spearman_ADM_FEDM
64,0.761041317,spearman_ADM_FEDM
64,0.7572632869,spearman_ADM_FEDM
66,0.7745368974,spearman_ADM_FEDM
66,0.7721180741,spearman_ADM_FEDM
66,0.7649111184,spearman_ADM_FEDM
66,0.7624035944,spearman_ADM_FEDM
66,0.7671910856,spearman_ADM_FEDM
66,0.7605246505,spearman_ADM_FEDM
66,0.768022096,spearman_ADM_FEDM
66,0.7685521644,spearman_ADM_FEDM
66,0.7675983987,spearman_ADM_FEDM
66,0.7637051415,spearman_ADM_FEDM
66,0.7629017913,spearman_ADM_FEDM
66,0.7566223816,spearman_ADM_FEDM
66,0.7644890093,spearman_ADM_FEDM
66,0.7688753596,spearman_ADM_FEDM
66,0.756921972,spearman_ADM_FEDM
68,0.7696054496,spearman_ADM_FEDM
68,0.7612931522,spearman_ADM_FEDM
68,0.7674672467,spearman_ADM_FEDM
68,0.7733652611,spearman_ADM_FEDM
68,0.758329169,spearman_ADM_FEDM
68,0.760635757,spearman_ADM_FEDM
68,0.7571069603,spearman_ADM_FEDM
68,0.7653822153,spearman_ADM_FEDM
68,0.7643980748,spearman_ADM_FEDM
68,0.7563636481,spearman_ADM_FEDM
68,0.7632178773,spearman_ADM_FEDM
68,0.771548813,spearman_ADM_FEDM
68,0.7701324355,spearman_ADM_FEDM
68,0.7579613868,spearman_ADM_FEDM
68,0.7663771384,spearman_ADM_FEDM
70,0.7769235358,spearman_ADM_FEDM
70,0.7674239739,spearman_ADM_FEDM
70,0.7741941823,spearman_ADM_FEDM
70,0.7721056816,spearman_ADM_FEDM
70,0.7681198174,spearman_ADM_FEDM
70,0.7635623315,spearman_ADM_FEDM
70,0.7637177749,spearman_ADM_FEDM
70,0.7606729663,spearman_ADM_FEDM
70,0.7692848415,spearman_ADM_FEDM
70,0.7640926817,spearman_ADM_FEDM
70,0.771973027,spearman_ADM_FEDM
70,0.7674765769,spearman_ADM_FEDM
70,0.7706247845,spearman_ADM_FEDM
70,0.7599426276,spearman_ADM_FEDM
70,0.7671685166,spearman_ADM_FEDM
72,0.7761489722,spearman_ADM_FEDM
72,0.7631201263,spearman_ADM_FEDM
72,0.7704775606,spearman_ADM_FEDM
72,0.7752723195,spearman_ADM_FEDM
72,0.7675859183,spearman_ADM_FEDM
72,0.7660390263,spearman_ADM_FEDM
72,0.7625188661,spearman_ADM_FEDM
72,0.7637982932,spearman_ADM_FEDM
72,0.7710598853,spearman_ADM_FEDM
72,0.76682884,spearman_ADM_FEDM
72,0.767754144,spearman_ADM_FEDM
72,0.7602143434,spearman_ADM_FEDM
72,0.7719489755,spearman_ADM_FEDM
72,0.7677211992,spearman_ADM_FEDM
72,0.7614190509,spearman_ADM_FEDM
74,0.7736498007,spearman_ADM_FEDM
74,0.7754386929,spearman_ADM_FEDM
74,0.7627209523,spearman_ADM_FEDM
74,0.7682621112,spearman_ADM_FEDM
74,0.7665251578,spearman_ADM_FEDM
74,0.7543870102,spearman_ADM_FEDM
74,0.765666428,spearman_ADM_FEDM
74,0.7678324499,spearman_ADM_FEDM
74,0.767382862,spearman_ADM_FEDM
74,0.7575057879,spearman_ADM_FEDM
74,0.769801446,spearman_ADM_FEDM
74,0.7751985037,spearman_ADM_FEDM
74,0.7632185318,spearman_ADM_FEDM
74,0.7717468945,spearman_ADM_FEDM
74,0.7780649195,spearman_ADM_FEDM
76,0.7669272525,spearman_ADM_FEDM
76,0.7721707778,spearman_ADM_FEDM
76,0.7661402592,spearman_ADM_FEDM
76,0.7764401833,spearman_ADM_FEDM
76,0.7608676694,spearman_ADM_FEDM
76,0.7764441655,spearman_ADM_FEDM
76,0.7756993296,spearman_ADM_FEDM
76,0.7682001868,spearman_ADM_FEDM
76,0.7707003064,spearman_ADM_FEDM
76,0.7548710549,spearman_ADM_FEDM
76,0.7609494609,spearman_ADM_FEDM
76,0.7668543325,spearman_ADM_FEDM
76,0.7764831044,spearman_ADM_FEDM
76,0.7562249899,spearman_ADM_FEDM
76,0.7667496647,spearman_ADM_FEDM
78,0.7648561489,spearman_ADM_FEDM
78,0.771146807,spearman_ADM_FEDM
78,0.7816831507,spearman_ADM_FEDM
78,0.7811457359,spearman_ADM_FEDM
78,0.7629047087,spearman_ADM_FEDM
78,0.7667364474,spearman_ADM_FEDM
78,0.7664494864,spearman_ADM_FEDM
78,0.7740972412,spearman_ADM_FEDM
78,0.7581203033,spearman_ADM_FEDM
78,0.7656140122,spearman_ADM_FEDM
78,0.7720049155,spearman_ADM_FEDM
78,0.7637271754,spearman_ADM_FEDM
78,0.7710907296,spearman_ADM_FEDM
78,0.7739204172,spearman_ADM_FEDM
78,0.7705331925,spearman_ADM_FEDM
6,0.6665276747,spearman_ADM_FEDM
6,0.6332199218,spearman_ADM_FEDM
6,0.6527013837,spearman_ADM_FEDM
6,0.6530633388,spearman_ADM_FEDM
6,0.6473839969,spearman_ADM_FEDM
6,0.6239266388,spearman_ADM_FEDM
6,0.6231294086,spearman_ADM_FEDM
6,0.625984164,spearman_ADM_FEDM
6,0.6191318495,spearman_ADM_FEDM
6,0.6167204751,spearman_ADM_FEDM
6,0.6400309048,spearman_ADM_FEDM
6,0.6354277446,spearman_ADM_FEDM
6,0.6695528379,spearman_ADM_FEDM
6,0.64316385,spearman_ADM_FEDM
6,0.6264898885,spearman_ADM_FEDM
80,0.7622148299,spearman_ADM_FEDM
80,0.770575824,spearman_ADM_FEDM
80,0.7718688878,spearman_ADM_FEDM
80,0.7737621078,spearman_ADM_FEDM
80,0.7752426871,spearman_ADM_FEDM
80,0.7657461639,spearman_ADM_FEDM
80,0.7704259743,spearman_ADM_FEDM
80,0.7848060708,spearman_ADM_FEDM
80,0.7739308206,spearman_ADM_FEDM
80,0.7692031567,spearman_ADM_FEDM
80,0.7593651905,spearman_ADM_FEDM
80,0.7745173343,spearman_ADM_FEDM
80,0.7769282599,spearman_ADM_FEDM
80,0.7676032058,spearman_ADM_FEDM
80,0.7583210577,spearman_ADM_FEDM
82,0.7729789677,spearman_ADM_FEDM
82,0.7747591476,spearman_ADM_FEDM
82,0.7646733137,spearman_ADM_FEDM
82,0.7691246294,spearman_ADM_FEDM
82,0.7695581501,spearman_ADM_FEDM
82,0.7620683754,spearman_ADM_FEDM
82,0.7827205909,spearman_ADM_FEDM
82,0.7697013952,spearman_ADM_FEDM
82,0.769438858,spearman_ADM_FEDM
82,0.7661603337,spearman_ADM_FEDM
82,0.7765722818,spearman_ADM_FEDM
82,0.7806821608,spearman_ADM_FEDM
82,0.7694666097,spearman_ADM_FEDM
82,0.7756678342,spearman_ADM_FEDM
82,0.7703502156,spearman_ADM_FEDM
84,0.7653243341,spearman_ADM_FEDM
84,0.7810614976,spearman_ADM_FEDM
84,0.75936887,spearman_ADM_FEDM
84,0.7694853557,spearman_ADM_FEDM
84,0.787094316,spearman_ADM_FEDM
84,0.7736305121,spearman_ADM_FEDM
84,0.7690013789,spearman_ADM_FEDM
84,0.77297951,spearman_ADM_FEDM
84,0.7601829186,spearman_ADM_FEDM
84,0.7716960806,spearman_ADM_FEDM
84,0.7757932533,spearman_ADM_FEDM
84,0.7761535515,spearman_ADM_FEDM
84,0.776551475,spearman_ADM_FEDM
84,0.77909408,spearman_ADM_FEDM
84,0.7681722692,spearman_ADM_FEDM
86,0.7749213478,spearman_ADM_FEDM
86,0.772158699,spearman_ADM_FEDM
86,0.7775212338,spearman_ADM_FEDM
86,0.7680171046,spearman_ADM_FEDM
86,0.7776565197,spearman_ADM_FEDM
86,0.7689566473,spearman_ADM_FEDM
86,0.7759920277,spearman_ADM_FEDM
86,0.7676150601,spearman_ADM_FEDM
86,0.762116315,spearman_ADM_FEDM
86,0.7798689625,spearman_ADM_FEDM
86,0.7759362801,spearman_ADM_FEDM
86,0.7821860966,spearman_ADM_FEDM
86,0.77487044,spearman_ADM_FEDM
86,0.7670311606,spearman_ADM_FEDM
86,0.7718475344,spearman_ADM_FEDM
88,0.7730114782,spearman_ADM_FEDM
88,0.780731019,spearman_ADM_FEDM
88,0.7790232381,spearman_ADM_FEDM
88,0.7746754303,spearman_ADM_FEDM
88,0.7752132395,spearman_ADM_FEDM
88,0.77257804,spearman_ADM_FEDM
88,0.7816119659,spearman_ADM_FEDM
88,0.773497866,spearman_ADM_FEDM
88,0.7694191632,spearman_ADM_FEDM
88,0.7770645864,spearman_ADM_FEDM
88,0.7725641175,spearman_ADM_FEDM
88,0.7797820378,spearman_ADM_FEDM
88,0.7631936659,spearman_ADM_FEDM
88,0.7644743751,spearman_ADM_FEDM
88,0.7683829517,spearman_ADM_FEDM
90,0.7770828275,spearman_ADM_FEDM
90,0.7758079018,spearman_ADM_FEDM
90,0.7783966527,spearman_ADM_FEDM
90,0.7803650015,spearman_ADM_FEDM
90,0.7748181192,spearman_ADM_FEDM
90,0.7950685103,spearman_ADM_FEDM
90,0.7675372087,spearman_ADM_FEDM
90,0.7687660013,spearman_ADM_FEDM
90,0.7796719035,spearman_ADM_FEDM
90,0.7684232657,spearman_ADM_FEDM
90,0.7710392233,spearman_ADM_FEDM
90,0.7768020382,spearman_ADM_FEDM
90,0.7797683328,spearman_ADM_FEDM
90,0.7718532157,spearman_ADM_FEDM
90,0.7672863602,spearman_ADM_FEDM
92,0.7696056129,spearman_ADM_FEDM
92,0.7656678108,spearman_ADM_FEDM
92,0.7784394574,spearman_ADM_FEDM
92,0.7691007698,spearman_ADM_FEDM
92,0.7796299567,spearman_ADM_FEDM
92,0.7742444922,spearman_ADM_FEDM
92,0.7609257887,spearman_ADM_FEDM
92,0.7718971651,spearman_ADM_FEDM
92,0.7858209418,spearman_ADM_FEDM
92,0.7893191672,spearman_ADM_FEDM
92,0.7833570083,spearman_ADM_FEDM
92,0.7694580581,spearman_ADM_FEDM
92,0.7768037534,spearman_ADM_FEDM
92,0.7744598686,spearman_ADM_FEDM
92,0.7686308104,spearman_ADM_FEDM
94,0.7849222622,spearman_ADM_FEDM
94,0.7852392205,spearman_ADM_FEDM
94,0.774509445,spearman_ADM_FEDM
94,0.7784459826,spearman_ADM_FEDM
94,0.781094472,spearman_ADM_FEDM
94,0.7766071721,spearman_ADM_FEDM
94,0.782097013,spearman_ADM_FEDM
94,0.7810003106,spearman_ADM_FEDM
94,0.7752142228,spearman_ADM_FEDM
94,0.7775644454,spearman_ADM_FEDM
94,0.7833371763,spearman_ADM_FEDM
94,0.7653632332,spearman_ADM_FEDM
94,0.7734717316,spearman_ADM_FEDM
94,0.7808891141,spearman_ADM_FEDM
94,0.768302633,spearman_ADM_FEDM
96,0.7802076178,spearman_ADM_FEDM
96,0.7846288679,spearman_ADM_FEDM
96,0.7843716951,spearman_ADM_FEDM
96,0.7702864104,spearman_ADM_FEDM
96,0.7697795052,spearman_ADM_FEDM
96,0.7871453503,spearman_ADM_FEDM
96,0.790313469,spearman_ADM_FEDM
96,0.7820065612,spearman_ADM_FEDM
96,0.7735971169,spearman_ADM_FEDM
96,0.77056436,spearman_ADM_FEDM
96,0.7811670205,spearman_ADM_FEDM
96,0.7847863857,spearman_ADM_FEDM
96,0.762180466,spearman_ADM_FEDM
96,0.7731790036,spearman_ADM_FEDM
96,0.7694649783,spearman_ADM_FEDM
98,0.7771045432,spearman_ADM_FEDM
98,0.7878687351,spearman_ADM_FEDM
98,0.7749656751,spearman_ADM_FEDM
98,0.772607044,spearman_ADM_FEDM
98,0.7597734114,spearman_ADM_FEDM
98,0.7731723475,spearman_ADM_FEDM
98,0.7776836089,spearman_ADM_FEDM
98,0.7791672301,spearman_ADM_FEDM
98,0.7727784763,spearman_ADM_FEDM
98,0.7693297743,spearman_ADM_FEDM
98,0.7742882789,spearman_ADM_FEDM
98,0.7895222824,spearman_ADM_FEDM
98,0.7777897143,spearman_ADM_FEDM
98,0.7724054446,spearman_ADM_FEDM
98,0.7830949336,spearman_ADM_FEDM
8,0.6682375545,spearman_ADM_FEDM
8,0.6554770985,spearman_ADM_FEDM
8,0.6696625624,spearman_ADM_FEDM
8,0.6759003026,spearman_ADM_FEDM
8,0.6620030608,spearman_ADM_FEDM
8,0.668076775,spearman_ADM_FEDM
8,0.6634706895,spearman_ADM_FEDM
8,0.659261698,spearman_ADM_FEDM
8,0.6604362248,spearman_ADM_FEDM
8,0.6733308473,spearman_ADM_FEDM
8,0.6652533848,spearman_ADM_FEDM
8,0.6806167696,spearman_ADM_FEDM
8,0.6791997741,spearman_ADM_FEDM
8,0.6725182408,spearman_ADM_FEDM
8,0.6798779911,spearman_ADM_FEDM
100,0.7824156367,spearman_ADM_FEDM
100,0.7891039353,spearman_ADM_FEDM
100,0.7855345102,spearman_ADM_FEDM
100,0.7768163203,spearman_ADM_FEDM
100,0.7793326729,spearman_ADM_FEDM
100,0.7772495883,spearman_ADM_FEDM
100,0.7739117695,spearman_ADM_FEDM
100,0.7750521836,spearman_ADM_FEDM
100,0.7849201544,spearman_ADM_FEDM
100,0.7767037449,spearman_ADM_FEDM
100,0.781227908,spearman_ADM_FEDM
100,0.7780236744,spearman_ADM_FEDM
100,0.7785586732,spearman_ADM_FEDM
100,0.7764270693,spearman_ADM_FEDM
100,0.7864294873,spearman_ADM_FEDM
10,0.6927147106,spearman_ADM_FEDM
10,0.6882456118,spearman_ADM_FEDM
10,0.688241878,spearman_ADM_FEDM
10,0.6869392638,spearman_ADM_FEDM
10,0.679923871,spearman_ADM_FEDM
10,0.6961539659,spearman_ADM_FEDM
10,0.6926433344,spearman_ADM_FEDM
10,0.6921564469,spearman_ADM_FEDM
10,0.6691425467,spearman_ADM_FEDM
10,0.6762092343,spearman_ADM_FEDM
10,0.6946264134,spearman_ADM_FEDM
10,0.6713735579,spearman_ADM_FEDM
10,0.6815379016,spearman_ADM_FEDM
10,0.6705724585,spearman_ADM_FEDM
10,0.6772525614,spearman_ADM_FEDM
12,0.6871593655,spearman_ADM_FEDM
12,0.6979767473,spearman_ADM_FEDM
12,0.6965563179,spearman_ADM_FEDM
12,0.695849308,spearman_ADM_FEDM
12,0.6857300278,spearman_ADM_FEDM
12,0.7036743368,spearman_ADM_FEDM
12,0.7082474563,spearman_ADM_FEDM
12,0.6973627229,spearman_ADM_FEDM
12,0.707483644,spearman_ADM_FEDM
12,0.7086011114,spearman_ADM_FEDM
12,0.6894822652,spearman_ADM_FEDM
12,0.6925717655,spearman_ADM_FEDM
12,0.7073529192,spearman_ADM_FEDM
12,0.6981452159,spearman_ADM_FEDM
12,0.6915918669,spearman_ADM_FEDM
14,0.6971380934,spearman_ADM_FEDM
14,0.7050375393,spearman_ADM_FEDM
14,0.7131087977,spearman_ADM_FEDM
14,0.7152939551,spearman_ADM_FEDM
14,0.6859375722,spearman_ADM_FEDM
14,0.7104214633,spearman_ADM_FEDM
14,0.701237564,spearman_ADM_FEDM
14,0.6996962894,spearman_ADM_FEDM
14,0.7048632127,spearman_ADM_FEDM
14,0.698761176,spearman_ADM_FEDM
14,0.7161453559,spearman_ADM_FEDM
14,0.7030314006,spearman_ADM_FEDM
14,0.7077207336,spearman_ADM_FEDM
14,0.7072918712,spearman_ADM_FEDM
14,0.7103153654,spearman_ADM_FEDM
16,0.7086297362,spearman_ADM_FEDM
16,0.7128426322,spearman_ADM_FEDM
16,0.7006760443,spearman_ADM_FEDM
16,0.7009174045,spearman_ADM_FEDM
16,0.7158566934,spearman_ADM_FEDM
16,0.7073763246,spearman_ADM_FEDM
16,0.7161574236,spearman_ADM_FEDM
16,0.7031987692,spearman_ADM_FEDM
16,0.7142131479,spearman_ADM_FEDM
16,0.7094755092,spearman_ADM_FEDM
16,0.7075411369,spearman_ADM_FEDM
16,0.7117277397,spearman_ADM_FEDM
16,0.7026445715,spearman_ADM_FEDM
16,0.7188344387,spearman_ADM_FEDM
16,0.7046961408,spearman_ADM_FEDM
18,0.7226427574,spearman_ADM_FEDM
18,0.7052905203,spearman_ADM_FEDM
18,0.7224194278,spearman_ADM_FEDM
18,0.7213963929,spearman_ADM_FEDM
18,0.7229145319,spearman_ADM_FEDM
18,0.7068312027,spearman_ADM_FEDM
18,0.6989339158,spearman_ADM_FEDM
18,0.7114321561,spearman_ADM_FEDM
18,0.71614729,spearman_ADM_FEDM
18,0.7227042682,spearman_ADM_FEDM
18,0.7189746578,spearman_ADM_FEDM
18,0.6988323213,spearman_ADM_FEDM
18,0.7187483207,spearman_ADM_FEDM
18,0.7260644058,spearman_ADM_FEDM
18,0.7071451179,spearman_ADM_FEDM
20,0.7729517142,spearman_ADM_FEDM
20,0.7543720106,spearman_ADM_FEDM
20,0.7256163557,spearman_ADM_FEDM
20,0.7732988581,spearman_ADM_FEDM
20,0.7619252391,spearman_ADM_FEDM
20,0.7520544681,spearman_ADM_FEDM
20,0.7257601251,spearman_ADM_FEDM
20,0.7767484229,spearman_ADM_FEDM
20,0.7491713185,spearman_ADM_FEDM
20,0.7675766196,spearman_ADM_FEDM
20,0.7642905181,spearman_ADM_FEDM
20,0.7493770024,spearman_ADM_FEDM
20,0.7699709546,spearman_ADM_FEDM
20,0.7803161227,spearman_ADM_FEDM
20,0.7186018565,spearman_ADM_FEDM
22,0.7690835336,spearman_ADM_FEDM
22,0.7676465908,spearman_ADM_FEDM
22,0.7559374438,spearman_ADM_FEDM
22,0.7945993211,spearman_ADM_FEDM
22,0.729620579,spearman_ADM_FEDM
22,0.7843242103,spearman_ADM_FEDM
22,0.7319542255,spearman_ADM_FEDM
22,0.7791269472,spearman_ADM_FEDM
22,0.7624429268,spearman_ADM_FEDM
22,0.7376743952,spearman_ADM_FEDM
22,0.7183446386,spearman_ADM_FEDM
22,0.7916955792,spearman_ADM_FEDM
22,0.7676543648,spearman_ADM_FEDM
22,0.7726718923,spearman_ADM_FEDM
22,0.7217833868,spearman_ADM_FEDM
24,0.6989964778,spearman_ADM_FEDM
24,0.7289892467,spearman_ADM_FEDM
24,0.8112919253,spearman_ADM_FEDM
24,0.7483793638,spearman_ADM_FEDM
24,0.7643422679,spearman_ADM_FEDM
24,0.7688482403,spearman_ADM_FEDM
24,0.7799727974,spearman_ADM_FEDM
24,0.7640868801,spearman_ADM_FEDM
24,0.777002399,spearman_ADM_FEDM
24,0.7786397767,spearman_ADM_FEDM
24,0.7496671272,spearman_ADM_FEDM
24,0.8084969003,spearman_ADM_FEDM
24,0.7448908775,spearman_ADM_FEDM
24,0.7791006533,spearman_ADM_FEDM
24,0.7438951681,spearman_ADM_FEDM
26,0.8247535126,spearman_ADM_FEDM
26,0.7552602368,spearman_ADM_FEDM
26,0.7674638808,spearman_ADM_FEDM
26,0.7981717443,spearman_ADM_FEDM
26,0.780580262,spearman_ADM_FEDM
26,0.7441426938,spearman_ADM_FEDM
26,0.7570852868,spearman_ADM_FEDM
26,0.7728268153,spearman_ADM_FEDM
26,0.7379353208,spearman_ADM_FEDM
26,0.7554059716,spearman_ADM_FEDM
26,0.7846114908,spearman_ADM_FEDM
26,0.7637566925,spearman_ADM_FEDM
26,0.7548574725,spearman_ADM_FEDM
26,0.7713179814,spearman_ADM_FEDM
26,0.7493200168,spearman_ADM_FEDM
28,0.7559078542,spearman_ADM_FEDM
28,0.7372327614,spearman_ADM_FEDM
28,0.7292123118,spearman_ADM_FEDM
28,0.7603635727,spearman_ADM_FEDM
28,0.8015693243,spearman_ADM_FEDM
28,0.750774035,spearman_ADM_FEDM
28,0.7790442288,spearman_ADM_FEDM
28,0.760081009,spearman_ADM_FEDM
28,0.791763797,spearman_ADM_FEDM
28,0.7520711359,spearman_ADM_FEDM
28,0.7480894229,spearman_ADM_FEDM
28,0.8027765481,spearman_ADM_FEDM
28,0.7869428136,spearman_ADM_FEDM
28,0.7417741025,spearman_ADM_FEDM
28,0.7713436346,spearman_ADM_FEDM
30,0.7400604478,spearman_ADM_FEDM
30,0.7808712941,spearman_ADM_FEDM
30,0.7276697141,spearman_ADM_FEDM
30,0.7956680385,spearman_ADM_FEDM
30,0.7675009246,spearman_ADM_FEDM
30,0.7591772826,spearman_ADM_FEDM
30,0.794473229,spearman_ADM_FEDM
30,0.7789311455,spearman_ADM_FEDM
30,0.7799152419,spearman_ADM_FEDM
30,0.7471496315,spearman_ADM_FEDM
30,0.7964710943,spearman_ADM_FEDM
30,0.7783642364,spearman_ADM_FEDM
30,0.7914935279,spearman_ADM_FEDM
30,0.7934319095,spearman_ADM_FEDM
30,0.7929536662,spearman_ADM_FEDM
32,0.7943713665,spearman_ADM_FEDM
32,0.7876935258,spearman_ADM_FEDM
32,0.7339017994,spearman_ADM_FEDM
32,0.7685043621,spearman_ADM_FEDM
32,0.8160306612,spearman_ADM_FEDM
32,0.6941852738,spearman_ADM_FEDM
32,0.7861804981,spearman_ADM_FEDM
32,0.7260030045,spearman_ADM_FEDM
32,0.8081672902,spearman_ADM_FEDM
32,0.7968923194,spearman_ADM_FEDM
32,0.7923094098,spearman_ADM_FEDM
32,0.7899618074,spearman_ADM_FEDM
32,0.7941861775,spearman_ADM_FEDM
32,0.798637582,spearman_ADM_FEDM
32,0.7507684294,spearman_ADM_FEDM
34,0.8221199829,spearman_ADM_FEDM
34,0.7833012156,spearman_ADM_FEDM
34,0.7493747817,spearman_ADM_FEDM
34,0.7596542547,spearman_ADM_FEDM
34,0.787743088,spearman_ADM_FEDM
34,0.757383449,spearman_ADM_FEDM
34,0.7601982518,spearman_ADM_FEDM
34,0.7885044562,spearman_ADM_FEDM
34,0.771212072,spearman_ADM_FEDM
34,0.7586113377,spearman_ADM_FEDM
34,0.7706761064,spearman_ADM_FEDM
34,0.7870481316,spearman_ADM_FEDM
34,0.7947211386,spearman_ADM_FEDM
34,0.7680146861,spearman_ADM_FEDM
34,0.7953650939,spearman_ADM_FEDM
36,0.7612414138,spearman_ADM_FEDM
36,0.7647871326,spearman_ADM_FEDM
36,0.803655788,spearman_ADM_FEDM
36,0.7905644329,spearman_ADM_FEDM
36,0.7404146695,spearman_ADM_FEDM
36,0.76496642,spearman_ADM_FEDM
36,0.7734482535,spearman_ADM_FEDM
36,0.7701040821,spearman_ADM_FEDM
36,0.7706854405,spearman_ADM_FEDM
36,0.7433811406,spearman_ADM_FEDM
36,0.7894518077,spearman_ADM_FEDM
36,0.7738983128,spearman_ADM_FEDM
36,0.7384309785,spearman_ADM_FEDM
36,0.7751896452,spearman_ADM_FEDM
36,0.7857237274,spearman_ADM_FEDM
38,0.7854735152,spearman_ADM_FEDM
38,0.8028773846,spearman_ADM_FEDM
38,0.7953497393,spearman_ADM_FEDM
38,0.7867625506,spearman_ADM_FEDM
38,0.8073187699,spearman_ADM_FEDM
38,0.7420180403,spearman_ADM_FEDM
38,0.7894407076,spearman_ADM_FEDM
38,0.7909331628,spearman_ADM_FEDM
38,0.7819365573,spearman_ADM_FEDM
38,0.7968486799,spearman_ADM_FEDM
38,0.7793185629,spearman_ADM_FEDM
38,0.7766707268,spearman_ADM_FEDM
38,0.7271048228,spearman_ADM_FEDM
38,0.7238471169,spearman_ADM_FEDM
38,0.7678787202,spearman_ADM_FEDM
40,0.7808907451,spearman_ADM_FEDM
40,0.7661959165,spearman_ADM_FEDM
40,0.7842067843,spearman_ADM_FEDM
40,0.750690074,spearman_ADM_FEDM
40,0.8048166401,spearman_ADM_FEDM
40,0.8050232417,spearman_ADM_FEDM
40,0.757912922,spearman_ADM_FEDM
40,0.7765021529,spearman_ADM_FEDM
40,0.7665082327,spearman_ADM_FEDM
40,0.7847534622,spearman_ADM_FEDM
40,0.7684219813,spearman_ADM_FEDM
40,0.7751743318,spearman_ADM_FEDM
40,0.8182177463,spearman_ADM_FEDM
40,0.7961696974,spearman_ADM_FEDM
40,0.7891900453,spearman_ADM_FEDM
42,0.7615270109,spearman_ADM_FEDM
42,0.7866498178,spearman_ADM_FEDM
42,0.7847628999,spearman_ADM_FEDM
42,0.7736125157,spearman_ADM_FEDM
42,0.7636910707,spearman_ADM_FEDM
42,0.7801192429,spearman_ADM_FEDM
42,0.7448303049,spearman_ADM_FEDM
42,0.8090904327,spearman_ADM_FEDM
42,0.7726612531,spearman_ADM_FEDM
42,0.7734648908,spearman_ADM_FEDM
42,0.7932372345,spearman_ADM_FEDM
42,0.8081147723,spearman_ADM_FEDM
42,0.7654195463,spearman_ADM_FEDM
42,0.7767305609,spearman_ADM_FEDM
42,0.7759415359,spearman_ADM_FEDM
44,0.7655618122,spearman_ADM_FEDM
44,0.7607130004,spearman_ADM_FEDM
44,0.8063621019,spearman_ADM_FEDM
44,0.7988080492,spearman_ADM_FEDM
44,0.7695774764,spearman_ADM_FEDM
44,0.7850868317,spearman_ADM_FEDM
44,0.7634516936,spearman_ADM_FEDM
44,0.7828792155,spearman_ADM_FEDM
44,0.80910102,spearman_ADM_FEDM
44,0.784785659,spearman_ADM_FEDM
44,0.7997196573,spearman_ADM_FEDM
44,0.8033647691,spearman_ADM_FEDM
44,0.8101727834,spearman_ADM_FEDM
44,0.7540354131,spearman_ADM_FEDM
44,0.7771014053,spearman_ADM_FEDM
46,0.7945564732,spearman_ADM_FEDM
46,0.7716304993,spearman_ADM_FEDM
46,0.7894266528,spearman_ADM_FEDM
46,0.805059004,spearman_ADM_FEDM
46,0.7700924144,spearman_ADM_FEDM
46,0.7687290113,spearman_ADM_FEDM
46,0.7678950192,spearman_ADM_FEDM
46,0.8019274183,spearman_ADM_FEDM
46,0.7789134025,spearman_ADM_FEDM
46,0.8167832195,spearman_ADM_FEDM
46,0.7962038665,spearman_ADM_FEDM
46,0.7870427178,spearman_ADM_FEDM
46,0.7734170225,spearman_ADM_FEDM
46,0.7869911303,spearman_ADM_FEDM
46,0.7296487565,spearman_ADM_FEDM
48,0.8148036794,spearman_ADM_FEDM
48,0.8083427751,spearman_ADM_FEDM
48,0.7890119774,spearman_ADM_FEDM
48,0.8018468041,spearman_ADM_FEDM
48,0.7774973543,spearman_ADM_FEDM
48,0.7756947364,spearman_ADM_FEDM
48,0.7784376084,spearman_ADM_FEDM
48,0.7527889808,spearman_ADM_FEDM
48,0.7581684156,spearman_ADM_FEDM
48,0.7842743997,spearman_ADM_FEDM
48,0.7794468302,spearman_ADM_FEDM
48,0.7856632468,spearman_ADM_FEDM
48,0.7722668307,spearman_ADM_FEDM
48,0.7933363551,spearman_ADM_FEDM
48,0.7868221039,spearman_ADM_FEDM
50,0.8102924244,spearman_ADM_FEDM
50,0.7783047245,spearman_ADM_FEDM
50,0.7921428845,spearman_ADM_FEDM
50,0.7758214641,spearman_ADM_FEDM
50,0.7703859226,spearman_ADM_FEDM
50,0.7639712506,spearman_ADM_FEDM
50,0.7575493697,spearman_ADM_FEDM
50,0.7896015518,spearman_ADM_FEDM
50,0.8021566685,spearman_ADM_FEDM
50,0.7974044456,spearman_ADM_FEDM
50,0.7952204931,spearman_ADM_FEDM
50,0.771483149,spearman_ADM_FEDM
50,0.814971223,spearman_ADM_FEDM
50,0.7646652967,spearman_ADM_FEDM
50,0.7761133049,spearman_ADM_FEDM
52,0.7955726463,spearman_ADM_FEDM
52,0.7830548393,spearman_ADM_FEDM
52,0.7454840359,spearman_ADM_FEDM
52,0.779256759,spearman_ADM_FEDM
52,0.776158036,spearman_ADM_FEDM
52,0.8135785958,spearman_ADM_FEDM
52,0.7661199939,spearman_ADM_FEDM
52,0.8109571103,spearman_ADM_FEDM
52,0.7589302454,spearman_ADM_FEDM
52,0.7483433535,spearman_ADM_FEDM
52,0.799876148,spearman_ADM_FEDM
52,0.7940538074,spearman_ADM_FEDM
52,0.7694737477,spearman_ADM_FEDM
52,0.7993978334,spearman_ADM_FEDM
52,0.7709762773,spearman_ADM_FEDM
54,0.7898396866,spearman_ADM_FEDM
54,0.7722649811,spearman_ADM_FEDM
54,0.7591460539,spearman_ADM_FEDM
54,0.7983129492,spearman_ADM_FEDM
54,0.7778356822,spearman_ADM_FEDM
54,0.7652439757,spearman_ADM_FEDM
54,0.7825438295,spearman_ADM_FEDM
54,0.7952235319,spearman_ADM_FEDM
54,0.7937405411,spearman_ADM_FEDM
54,0.7736163412,spearman_ADM_FEDM
54,0.7984771622,spearman_ADM_FEDM
54,0.8136018962,spearman_ADM_FEDM
54,0.7589494154,spearman_ADM_FEDM
54,0.7860312384,spearman_ADM_FEDM
54,0.7459180282,spearman_ADM_FEDM
56,0.7505166599,spearman_ADM_FEDM
56,0.7897564517,spearman_ADM_FEDM
56,0.8053782284,spearman_ADM_FEDM
56,0.7930167626,spearman_ADM_FEDM
56,0.7416841883,spearman_ADM_FEDM
56,0.7910289461,spearman_ADM_FEDM
56,0.7793817674,spearman_ADM_FEDM
56,0.7824985649,spearman_ADM_FEDM
56,0.7886420215,spearman_ADM_FEDM
56,0.7987375635,spearman_ADM_FEDM
56,0.7624233907,spearman_ADM_FEDM
56,0.8118383503,spearman_ADM_FEDM
56,0.7803168388,spearman_ADM_FEDM
56,0.7983607434,spearman_ADM_FEDM
56,0.7472243995,spearman_ADM_FEDM
58,0.7781785067,spearman_ADM_FEDM
58,0.8034190353,spearman_ADM_FEDM
58,0.7533120091,spearman_ADM_FEDM
58,0.794436765,spearman_ADM_FEDM
58,0.7705152992,spearman_ADM_FEDM
58,0.7850858802,spearman_ADM_FEDM
58,0.781930883,spearman_ADM_FEDM
58,0.7641107678,spearman_ADM_FEDM
58,0.7927379294,spearman_ADM_FEDM
58,0.7795486854,spearman_ADM_FEDM
58,0.7889927306,spearman_ADM_FEDM
58,0.8022562266,spearman_ADM_FEDM
58,0.7937857736,spearman_ADM_FEDM
58,0.7718763128,spearman_ADM_FEDM
58,0.7805511906,spearman_ADM_FEDM
4,0.670042529,spearman_ADM_FEDM
4,0.5943311835,spearman_ADM_FEDM
4,0.6722038993,spearman_ADM_FEDM
4,0.629100776,spearman_ADM_FEDM
4,0.5679778467,spearman_ADM_FEDM
4,0.6005267716,spearman_ADM_FEDM
4,0.6666589051,spearman_ADM_FEDM
4,0.6490545363,spearman_ADM_FEDM
4,0.6901880699,spearman_ADM_FEDM
4,0.6565121133,spearman_ADM_FEDM
4,0.6675105476,spearman_ADM_FEDM
4,0.6357577647,spearman_ADM_FEDM
4,0.6250775847,spearman_ADM_FEDM
4,0.633247354,spearman_ADM_FEDM
4,0.6256860446,spearman_ADM_FEDM
60,0.7642593503,spearman_ADM_FEDM
60,0.7734110578,spearman_ADM_FEDM
60,0.7508482151,spearman_ADM_FEDM
60,0.7601350591,spearman_ADM_FEDM
60,0.7836928709,spearman_ADM_FEDM
60,0.7889648205,spearman_ADM_FEDM
60,0.7859939775,spearman_ADM_FEDM
60,0.7639630707,spearman_ADM_FEDM
60,0.8125562448,spearman_ADM_FEDM
60,0.8021843507,spearman_ADM_FEDM
60,0.8045540274,spearman_ADM_FEDM
60,0.7788414379,spearman_ADM_FEDM
60,0.7898839226,spearman_ADM_FEDM
60,0.7738974844,spearman_ADM_FEDM
60,0.7758291075,spearman_ADM_FEDM
62,0.7963945442,spearman_ADM_FEDM
62,0.754645307,spearman_ADM_FEDM
62,0.8071454791,spearman_ADM_FEDM
62,0.773289571,spearman_ADM_FEDM
62,0.753613339,spearman_ADM_FEDM
62,0.7805130685,spearman_ADM_FEDM
62,0.775979735,spearman_ADM_FEDM
62,0.7885538407,spearman_ADM_FEDM
62,0.7734900818,spearman_ADM_FEDM
62,0.7973476556,spearman_ADM_FEDM
62,0.7915418427,spearman_ADM_FEDM
62,0.7713594401,spearman_ADM_FEDM
62,0.7882508794,spearman_ADM_FEDM
62,0.8024089291,spearman_ADM_FEDM
62,0.7843836359,spearman_ADM_FEDM
64,0.7584775791,spearman_ADM_FEDM
64,0.7628554193,spearman_ADM_FEDM
64,0.8013458711,spearman_ADM_FEDM
64,0.8003477967,spearman_ADM_FEDM
64,0.8026904989,spearman_ADM_FEDM
64,0.8044051226,spearman_ADM_FEDM
64,0.7887682031,spearman_ADM_FEDM
64,0.7796047238,spearman_ADM_FEDM
64,0.7900856983,spearman_ADM_FEDM
64,0.7635357142,spearman_ADM_FEDM
64,0.7949347054,spearman_ADM_FEDM
64,0.782075331,spearman_ADM_FEDM
64,0.8027518146,spearman_ADM_FEDM
64,0.7936960397,spearman_ADM_FEDM
64,0.7860895847,spearman_ADM_FEDM
66,0.7727446855,spearman_ADM_FEDM
66,0.8019411336,spearman_ADM_FEDM
66,0.7708291617,spearman_ADM_FEDM
66,0.7957267852,spearman_ADM_FEDM
66,0.7840740727,spearman_ADM_FEDM
66,0.8011862551,spearman_ADM_FEDM
66,0.7974193669,spearman_ADM_FEDM
66,0.7866273744,spearman_ADM_FEDM
66,0.7645621119,spearman_ADM_FEDM
66,0.7811636051,spearman_ADM_FEDM
66,0.8098475817,spearman_ADM_FEDM
66,0.7876286203,spearman_ADM_FEDM
66,0.78156773,spearman_ADM_FEDM
66,0.7845599841,spearman_ADM_FEDM
66,0.7685540122,spearman_ADM_FEDM
68,0.7859923301,spearman_ADM_FEDM
68,0.776982233,spearman_ADM_FEDM
68,0.7894337931,spearman_ADM_FEDM
68,0.7895836548,spearman_ADM_FEDM
68,0.7721089035,spearman_ADM_FEDM
68,0.8026998668,spearman_ADM_FEDM
68,0.7753718436,spearman_ADM_FEDM
68,0.8032372582,spearman_ADM_FEDM
68,0.8017755303,spearman_ADM_FEDM
68,0.7956268273,spearman_ADM_FEDM
68,0.784259661,spearman_ADM_FEDM
68,0.7951522934,spearman_ADM_FEDM
68,0.7780987403,spearman_ADM_FEDM
68,0.787545789,spearman_ADM_FEDM
68,0.7805100234,spearman_ADM_FEDM
70,0.793178027,spearman_ADM_FEDM
70,0.7725709248,spearman_ADM_FEDM
70,0.7994449151,spearman_ADM_FEDM
70,0.7977434232,spearman_ADM_FEDM
70,0.8089189446,spearman_ADM_FEDM
70,0.7778317656,spearman_ADM_FEDM
70,0.777020945,spearman_ADM_FEDM
70,0.8142975233,spearman_ADM_FEDM
70,0.754807816,spearman_ADM_FEDM
70,0.7927922489,spearman_ADM_FEDM
70,0.7712110995,spearman_ADM_FEDM
70,0.7742414617,spearman_ADM_FEDM
70,0.7977391432,spearman_ADM_FEDM
70,0.7853146492,spearman_ADM_FEDM
70,0.7614476941,spearman_ADM_FEDM
72,0.8046152524,spearman_ADM_FEDM
72,0.7841876431,spearman_ADM_FEDM
72,0.7596173024,spearman_ADM_FEDM
72,0.790699244,spearman_ADM_FEDM
72,0.7801679979,spearman_ADM_FEDM
72,0.7512344777,spearman_ADM_FEDM
72,0.7621327038,spearman_ADM_FEDM
72,0.7907575255,spearman_ADM_FEDM
72,0.7910403147,spearman_ADM_FEDM
72,0.7777837038,spearman_ADM_FEDM
72,0.7777850249,spearman_ADM_FEDM
72,0.7991461848,spearman_ADM_FEDM
72,0.7869638522,spearman_ADM_FEDM
72,0.7854727844,spearman_ADM_FEDM
72,0.7612694392,spearman_ADM_FEDM
74,0.7842277445,spearman_ADM_FEDM
74,0.7564346542,spearman_ADM_FEDM
74,0.791066776,spearman_ADM_FEDM
74,0.8017666424,spearman_ADM_FEDM
74,0.7871135004,spearman_ADM_FEDM
74,0.7275009089,spearman_ADM_FEDM
74,0.8151756724,spearman_ADM_FEDM
74,0.806082162,spearman_ADM_FEDM
74,0.8057304046,spearman_ADM_FEDM
74,0.8074739761,spearman_ADM_FEDM
74,0.798604585,spearman_ADM_FEDM
74,0.7801817711,spearman_ADM_FEDM
74,0.7860586729,spearman_ADM_FEDM
74,0.7419502691,spearman_ADM_FEDM
74,0.790118496,spearman_ADM_FEDM
76,0.7897472051,spearman_ADM_FEDM
76,0.7603266197,spearman_ADM_FEDM
76,0.7734109468,spearman_ADM_FEDM
76,0.8064199647,spearman_ADM_FEDM
76,0.8105696816,spearman_ADM_FEDM
76,0.7827542946,spearman_ADM_FEDM
76,0.8135582006,spearman_ADM_FEDM
76,0.8018362282,spearman_ADM_FEDM
76,0.8293070979,spearman_ADM_FEDM
76,0.8038868691,spearman_ADM_FEDM
76,0.8082793783,spearman_ADM_FEDM
76,0.8154400826,spearman_ADM_FEDM
76,0.7398914702,spearman_ADM_FEDM
76,0.7547728149,spearman_ADM_FEDM
76,0.7623563421,spearman_ADM_FEDM
78,0.7909937911,spearman_ADM_FEDM
78,0.7920013312,spearman_ADM_FEDM
78,0.7810751661,spearman_ADM_FEDM
78,0.782037038,spearman_ADM_FEDM
78,0.7810099115,spearman_ADM_FEDM
78,0.7975922001,spearman_ADM_FEDM
78,0.7702001203,spearman_ADM_FEDM
78,0.764974194,spearman_ADM_FEDM
78,0.8181087269,spearman_ADM_FEDM
78,0.8154746724,spearman_ADM_FEDM
78,0.7743461905,spearman_ADM_FEDM
78,0.7833503148,spearman_ADM_FEDM
78,0.7680542583,spearman_ADM_FEDM
78,0.8101752366,spearman_ADM_FEDM
78,0.8068959354,spearman_ADM_FEDM
6,0.68479661,spearman_ADM_FEDM
6,0.6700173021,spearman_ADM_FEDM
6,0.6855816182,spearman_ADM_FEDM
6,0.7649321262,spearman_ADM_FEDM
6,0.6787940163,spearman_ADM_FEDM
6,0.6987258022,spearman_ADM_FEDM
6,0.6410172437,spearman_ADM_FEDM
6,0.702154587,spearman_ADM_FEDM
6,0.6617862735,spearman_ADM_FEDM
6,0.7254174612,spearman_ADM_FEDM
6,0.677991066,spearman_ADM_FEDM
6,0.7130738408,spearman_ADM_FEDM
6,0.6696850486,spearman_ADM_FEDM
6,0.7284509272,spearman_ADM_FEDM
6,0.7007292381,spearman_ADM_FEDM
80,0.7756576816,spearman_ADM_FEDM
80,0.7842731501,spearman_ADM_FEDM
80,0.78559156,spearman_ADM_FEDM
80,0.800381593,spearman_ADM_FEDM
80,0.8052670189,spearman_ADM_FEDM
80,0.7771853649,spearman_ADM_FEDM
80,0.7874629544,spearman_ADM_FEDM
80,0.8066015571,spearman_ADM_FEDM
80,0.7894724551,spearman_ADM_FEDM
80,0.7968996938,spearman_ADM_FEDM
80,0.803847462,spearman_ADM_FEDM
80,0.7676614556,spearman_ADM_FEDM
80,0.7769937788,spearman_ADM_FEDM
80,0.7847451633,spearman_ADM_FEDM
80,0.768444682,spearman_ADM_FEDM
82,0.7969556936,spearman_ADM_FEDM
82,0.784593528,spearman_ADM_FEDM
82,0.7824568666,spearman_ADM_FEDM
82,0.809381776,spearman_ADM_FEDM
82,0.8030409582,spearman_ADM_FEDM
82,0.7774395419,spearman_ADM_FEDM
82,0.7960773236,spearman_ADM_FEDM
82,0.7819482829,spearman_ADM_FEDM
82,0.7990728606,spearman_ADM_FEDM
82,0.804334001,spearman_ADM_FEDM
82,0.8069385777,spearman_ADM_FEDM
82,0.7723695808,spearman_ADM_FEDM
82,0.8048527138,spearman_ADM_FEDM
82,0.7738396986,spearman_ADM_FEDM
82,0.7938559333,spearman_ADM_FEDM
84,0.7985124762,spearman_ADM_FEDM
84,0.7916605584,spearman_ADM_FEDM
84,0.7891220732,spearman_ADM_FEDM
84,0.7667101611,spearman_ADM_FEDM
84,0.7551310183,spearman_ADM_FEDM
84,0.7865995225,spearman_ADM_FEDM
84,0.8136978875,spearman_ADM_FEDM
84,0.8090009187,spearman_ADM_FEDM
84,0.7844705844,spearman_ADM_FEDM
84,0.7817405785,spearman_ADM_FEDM
84,0.8008941919,spearman_ADM_FEDM
84,0.7840173278,spearman_ADM_FEDM
84,0.7809328865,spearman_ADM_FEDM
84,0.7801549172,spearman_ADM_FEDM
84,0.8107633116,spearman_ADM_FEDM
86,0.7851659113,spearman_ADM_FEDM
86,0.8087124846,spearman_ADM_FEDM
86,0.8017976214,spearman_ADM_FEDM
86,0.8153246734,spearman_ADM_FEDM
86,0.7673277502,spearman_ADM_FEDM
86,0.8016028654,spearman_ADM_FEDM
86,0.7931832464,spearman_ADM_FEDM
86,0.7898756861,spearman_ADM_FEDM
86,0.8088340345,spearman_ADM_FEDM
86,0.7934393605,spearman_ADM_FEDM
86,0.8001264396,spearman_ADM_FEDM
86,0.8090236737,spearman_ADM_FEDM
86,0.7900000161,spearman_ADM_FEDM
86,0.8098548829,spearman_ADM_FEDM
86,0.7816918786,spearman_ADM_FEDM
88,0.7754106,spearman_ADM_FEDM
88,0.7806945375,spearman_ADM_FEDM
88,0.7936211117,spearman_ADM_FEDM
88,0.8103446074,spearman_ADM_FEDM
88,0.7906535395,spearman_ADM_FEDM
88,0.7794213634,spearman_ADM_FEDM
88,0.8051755594,spearman_ADM_FEDM
88,0.8104779045,spearman_ADM_FEDM
88,0.7929564325,spearman_ADM_FEDM
88,0.7807828368,spearman_ADM_FEDM
88,0.8065444473,spearman_ADM_FEDM
88,0.7801869015,spearman_ADM_FEDM
88,0.7945803166,spearman_ADM_FEDM
88,0.8051553387,spearman_ADM_FEDM
88,0.8171580104,spearman_ADM_FEDM
90,0.7753424832,spearman_ADM_FEDM
90,0.7712077206,spearman_ADM_FEDM
90,0.8043688882,spearman_ADM_FEDM
90,0.7843297922,spearman_ADM_FEDM
90,0.7983142952,spearman_ADM_FEDM
90,0.7692916413,spearman_ADM_FEDM
90,0.7783448781,spearman_ADM_FEDM
90,0.7888854367,spearman_ADM_FEDM
90,0.7834892574,spearman_ADM_FEDM
90,0.7860085788,spearman_ADM_FEDM
90,0.7997466433,spearman_ADM_FEDM
90,0.7975199044,spearman_ADM_FEDM
90,0.7899837803,spearman_ADM_FEDM
90,0.7760315991,spearman_ADM_FEDM
90,0.7889888022,spearman_ADM_FEDM
92,0.7907557335,spearman_ADM_FEDM
92,0.8078882417,spearman_ADM_FEDM
92,0.808954065,spearman_ADM_FEDM
92,0.7766080588,spearman_ADM_FEDM
92,0.7842400265,spearman_ADM_FEDM
92,0.8176489318,spearman_ADM_FEDM
92,0.7729968828,spearman_ADM_FEDM
92,0.7898794199,spearman_ADM_FEDM
92,0.7849504169,spearman_ADM_FEDM
92,0.8038251763,spearman_ADM_FEDM
92,0.7768518302,spearman_ADM_FEDM
92,0.7974698254,spearman_ADM_FEDM
92,0.7882108982,spearman_ADM_FEDM
92,0.8057598681,spearman_ADM_FEDM
92,0.7965562114,spearman_ADM_FEDM
94,0.8096370774,spearman_ADM_FEDM
94,0.7830514177,spearman_ADM_FEDM
94,0.7979979512,spearman_ADM_FEDM
94,0.7871418685,spearman_ADM_FEDM
94,0.785711749,spearman_ADM_FEDM
94,0.7799717969,spearman_ADM_FEDM
94,0.7981806931,spearman_ADM_FEDM
94,0.7725329859,spearman_ADM_FEDM
94,0.7930000094,spearman_ADM_FEDM
94,0.757287756,spearman_ADM_FEDM
94,0.8031742628,spearman_ADM_FEDM
94,0.7681409894,spearman_ADM_FEDM
94,0.7845082585,spearman_ADM_FEDM
94,0.787622689,spearman_ADM_FEDM
94,0.7961568619,spearman_ADM_FEDM
96,0.8016634073,spearman_ADM_FEDM
96,0.7961824075,spearman_ADM_FEDM
96,0.7867808563,spearman_ADM_FEDM
96,0.79853498,spearman_ADM_FEDM
96,0.8009933198,spearman_ADM_FEDM
96,0.7722743286,spearman_ADM_FEDM
96,0.7929374144,spearman_ADM_FEDM
96,0.8060079541,spearman_ADM_FEDM
96,0.7946019463,spearman_ADM_FEDM
96,0.7651565828,spearman_ADM_FEDM
96,0.7669404477,spearman_ADM_FEDM
96,0.813217988,spearman_ADM_FEDM
96,0.8028606604,spearman_ADM_FEDM
96,0.8014443223,spearman_ADM_FEDM
96,0.8109305486,spearman_ADM_FEDM
98,0.7912165589,spearman_ADM_FEDM
98,0.7988482599,spearman_ADM_FEDM
98,0.7827207363,spearman_ADM_FEDM
98,0.7760014155,spearman_ADM_FEDM
98,0.7739673546,spearman_ADM_FEDM
98,0.8133295526,spearman_ADM_FEDM
98,0.7673564673,spearman_ADM_FEDM
98,0.7897003532,spearman_ADM_FEDM
98,0.775506488,spearman_ADM_FEDM
98,0.8085740069,spearman_ADM_FEDM
98,0.7860655969,spearman_ADM_FEDM
98,0.7886594603,spearman_ADM_FEDM
98,0.8149787565,spearman_ADM_FEDM
98,0.7776285576,spearman_ADM_FEDM
98,0.8115757082,spearman_ADM_FEDM
8,0.7263007925,spearman_ADM_FEDM
8,0.6661847012,spearman_ADM_FEDM
8,0.6255339068,spearman_ADM_FEDM
8,0.6207728867,spearman_ADM_FEDM
8,0.7279196744,spearman_ADM_FEDM
8,0.7127310823,spearman_ADM_FEDM
8,0.6767477266,spearman_ADM_FEDM
8,0.7026028603,spearman_ADM_FEDM
8,0.6673867867,spearman_ADM_FEDM
8,0.6656798555,spearman_ADM_FEDM
8,0.6747184787,spearman_ADM_FEDM
8,0.681130103,spearman_ADM_FEDM
8,0.6864632769,spearman_ADM_FEDM
8,0.6953453332,spearman_ADM_FEDM
8,0.734520405,spearman_ADM_FEDM
100,0.8028237769,spearman_ADM_FEDM
100,0.7704340883,spearman_ADM_FEDM
100,0.7961058612,spearman_ADM_FEDM
100,0.7758618945,spearman_ADM_FEDM
100,0.7733484697,spearman_ADM_FEDM
100,0.7933467457,spearman_ADM_FEDM
100,0.8018680007,spearman_ADM_FEDM
100,0.7910972779,spearman_ADM_FEDM
100,0.8199851404,spearman_ADM_FEDM
100,0.7788525844,spearman_ADM_FEDM
100,0.7990595354,spearman_ADM_FEDM
100,0.7722583985,spearman_ADM_FEDM
100,0.8040180624,spearman_ADM_FEDM
100,0.7746518779,spearman_ADM_FEDM
100,0.7964174651,spearman_ADM_FEDM
10,0.6458414082,spearman_ADM_FEDM
10,0.7679964671,spearman_ADM_FEDM
10,0.7238778547,spearman_ADM_FEDM
10,0.6720514237,spearman_ADM_FEDM
10,0.7527257061,spearman_ADM_FEDM
10,0.699086911,spearman_ADM_FEDM
10,0.5942694621,spearman_ADM_FEDM
10,0.6501277846,spearman_ADM_FEDM
10,0.7065431582,spearman_ADM_FEDM
10,0.6722108612,spearman_ADM_FEDM
10,0.5544167391,spearman_ADM_FEDM
10,0.7045355074,spearman_ADM_FEDM
10,0.6876890999,spearman_ADM_FEDM
10,0.7664224302,spearman_ADM_FEDM
10,0.6434858847,spearman_ADM_FEDM
12,0.6722392383,spearman_ADM_FEDM
12,0.7389987177,spearman_ADM_FEDM
12,0.7471744352,spearman_ADM_FEDM
12,0.7301008611,spearman_ADM_FEDM
12,0.7557299657,spearman_ADM_FEDM
12,0.6863056023,spearman_ADM_FEDM
12,0.7611667387,spearman_ADM_FEDM
12,0.7756237639,spearman_ADM_FEDM
12,0.7451834457,spearman_ADM_FEDM
12,0.710210599,spearman_ADM_FEDM
12,0.7340979015,spearman_ADM_FEDM
12,0.7677512064,spearman_ADM_FEDM
12,0.7502767536,spearman_ADM_FEDM
12,0.7228801875,spearman_ADM_FEDM
12,0.7175187362,spearman_ADM_FEDM
14,0.711904714,spearman_ADM_FEDM
14,0.7273350317,spearman_ADM_FEDM
14,0.7334684349,spearman_ADM_FEDM
14,0.7138648542,spearman_ADM_FEDM
14,0.7830637523,spearman_ADM_FEDM
14,0.759819533,spearman_ADM_FEDM
14,0.7241353914,spearman_ADM_FEDM
14,0.7161996354,spearman_ADM_FEDM
14,0.7463573661,spearman_ADM_FEDM
14,0.7846498872,spearman_ADM_FEDM
14,0.7561560443,spearman_ADM_FEDM
14,0.7820620341,spearman_ADM_FEDM
14,0.7676463854,spearman_ADM_FEDM
14,0.6747217207,spearman_ADM_FEDM
14,0.7686024903,spearman_ADM_FEDM
16,0.7834057692,spearman_ADM_FEDM
16,0.7096539055,spearman_ADM_FEDM
16,0.7117702873,spearman_ADM_FEDM
16,0.6943326323,spearman_ADM_FEDM
16,0.7196550148,spearman_ADM_FEDM
16,0.7422151298,spearman_ADM_FEDM
16,0.7059542369,spearman_ADM_FEDM
16,0.7227047904,spearman_ADM_FEDM
16,0.7554357488,spearman_ADM_FEDM
16,0.6754213082,spearman_ADM_FEDM
16,0.7038226393,spearman_ADM_FEDM
16,0.6992898554,spearman_ADM_FEDM
16,0.7253050076,spearman_ADM_FEDM
16,0.7285751945,spearman_ADM_FEDM
16,0.7132430187,spearman_ADM_FEDM
18,0.7360990303,spearman_ADM_FEDM
18,0.7611125688,spearman_ADM_FEDM
18,0.7882775027,spearman_ADM_FEDM
18,0.7563814684,spearman_ADM_FEDM
18,0.7630727491,spearman_ADM_FEDM
18,0.7424458154,spearman_ADM_FEDM
18,0.7581571909,spearman_ADM_FEDM
18,0.7638420336,spearman_ADM_FEDM
18,0.6668985258,spearman_ADM_FEDM
18,0.7240051571,spearman_ADM_FEDM
18,0.7775803448,spearman_ADM_FEDM
18,0.7464872693,spearman_ADM_FEDM
18,0.7247424798,spearman_ADM_FEDM
18,0.7008713998,spearman_ADM_FEDM
18,0.7508243255,spearman_ADM_FEDM
20,0.7121520251,spearman_ADM_FEDM
20,0.6916671966,spearman_ADM_FEDM
20,0.7414086974,spearman_ADM_FEDM
20,0.7461570713,spearman_ADM_FEDM
20,0.7205402932,spearman_ADM_FEDM
20,0.7335555643,spearman_ADM_FEDM
20,0.6920342279,spearman_ADM_FEDM
20,0.6860636224,spearman_ADM_FEDM
20,0.697748722,spearman_ADM_FEDM
20,0.7326796522,spearman_ADM_FEDM
20,0.6763352971,spearman_ADM_FEDM
20,0.7623199195,spearman_ADM_FEDM
20,0.6938858416,spearman_ADM_FEDM
20,0.7544946335,spearman_ADM_FEDM
20,0.7003384655,spearman_ADM_FEDM
22,0.6510769189,spearman_ADM_FEDM
22,0.682340045,spearman_ADM_FEDM
22,0.7257649381,spearman_ADM_FEDM
22,0.7136191975,spearman_ADM_FEDM
22,0.7240500026,spearman_ADM_FEDM
22,0.7818920636,spearman_ADM_FEDM
22,0.6988322031,spearman_ADM_FEDM
22,0.6994055624,spearman_ADM_FEDM
22,0.7170609791,spearman_ADM_FEDM
22,0.7213665169,spearman_ADM_FEDM
22,0.7152135381,spearman_ADM_FEDM
22,0.7217914947,spearman_ADM_FEDM
22,0.7457870804,spearman_ADM_FEDM
22,0.6970622045,spearman_ADM_FEDM
22,0.702867416,spearman_ADM_FEDM
24,0.7082326626,spearman_ADM_FEDM
24,0.712902281,spearman_ADM_FEDM
24,0.7449142913,spearman_ADM_FEDM
24,0.7108819423,spearman_ADM_FEDM
24,0.6865057513,spearman_ADM_FEDM
24,0.7138918891,spearman_ADM_FEDM
24,0.6734484622,spearman_ADM_FEDM
24,0.7002531715,spearman_ADM_FEDM
24,0.6971382739,spearman_ADM_FEDM
24,0.7054267005,spearman_ADM_FEDM
24,0.69067442,spearman_ADM_FEDM
24,0.730647473,spearman_ADM_FEDM
24,0.7103860546,spearman_ADM_FEDM
24,0.6708002864,spearman_ADM_FEDM
24,0.7026642534,spearman_ADM_FEDM
26,0.6663396114,spearman_ADM_FEDM
26,0.7187414742,spearman_ADM_FEDM
26,0.7059549842,spearman_ADM_FEDM
26,0.7426839283,spearman_ADM_FEDM
26,0.7266864869,spearman_ADM_FEDM
26,0.7587629223,spearman_ADM_FEDM
26,0.6535241344,spearman_ADM_FEDM
26,0.7470954789,spearman_ADM_FEDM
26,0.7090115967,spearman_ADM_FEDM
26,0.7415257394,spearman_ADM_FEDM
26,0.6922194104,spearman_ADM_FEDM
26,0.7226528852,spearman_ADM_FEDM
26,0.7366475904,spearman_ADM_FEDM
26,0.7237830329,spearman_ADM_FEDM
26,0.7066707859,spearman_ADM_FEDM
28,0.701080684,spearman_ADM_FEDM
28,0.7424063351,spearman_ADM_FEDM
28,0.7348023597,spearman_ADM_FEDM
28,0.6561315572,spearman_ADM_FEDM
28,0.7006663537,spearman_ADM_FEDM
28,0.6945806107,spearman_ADM_FEDM
28,0.7224630703,spearman_ADM_FEDM
28,0.6947251045,spearman_ADM_FEDM
28,0.7594256618,spearman_ADM_FEDM
28,0.7388474316,spearman_ADM_FEDM
28,0.7074737117,spearman_ADM_FEDM
28,0.7490649972,spearman_ADM_FEDM
28,0.7246234491,spearman_ADM_FEDM
28,0.7173074887,spearman_ADM_FEDM
28,0.7308873197,spearman_ADM_FEDM
30,0.7138464388,spearman_ADM_FEDM
30,0.7555867519,spearman_ADM_FEDM
30,0.7635607369,spearman_ADM_FEDM
30,0.7567761615,spearman_ADM_FEDM
30,0.7455048858,spearman_ADM_FEDM
30,0.7827382438,spearman_ADM_FEDM
30,0.7254942312,spearman_ADM_FEDM
30,0.6973752077,spearman_ADM_FEDM
30,0.7092405445,spearman_ADM_FEDM
30,0.7219167277,spearman_ADM_FEDM
30,0.7334487629,spearman_ADM_FEDM
30,0.7049271699,spearman_ADM_FEDM
30,0.7099635961,spearman_ADM_FEDM
30,0.7148875393,spearman_ADM_FEDM
30,0.7050765402,spearman_ADM_FEDM
32,0.7389109604,spearman_ADM_FEDM
32,0.7429637013,spearman_ADM_FEDM
32,0.7194840803,spearman_ADM_FEDM
32,0.730202116,spearman_ADM_FEDM
32,0.7013268775,spearman_ADM_FEDM
32,0.7386572721,spearman_ADM_FEDM
32,0.7347402012,spearman_ADM_FEDM
32,0.7631614653,spearman_ADM_FEDM
32,0.7181872611,spearman_ADM_FEDM
32,0.7284936174,spearman_ADM_FEDM
32,0.669895355,spearman_ADM_FEDM
32,0.7241631941,spearman_ADM_FEDM
32,0.7247745038,spearman_ADM_FEDM
32,0.7165245337,spearman_ADM_FEDM
32,0.788377331,spearman_ADM_FEDM
34,0.7546271893,spearman_ADM_FEDM
34,0.7299599336,spearman_ADM_FEDM
34,0.7272063036,spearman_ADM_FEDM
34,0.7125171324,spearman_ADM_FEDM
34,0.7203837479,spearman_ADM_FEDM
34,0.7115948932,spearman_ADM_FEDM
34,0.6864451033,spearman_ADM_FEDM
34,0.6641928874,spearman_ADM_FEDM
34,0.73589462,spearman_ADM_FEDM
34,0.724778493,spearman_ADM_FEDM
34,0.6981453498,spearman_ADM_FEDM
34,0.7547122837,spearman_ADM_FEDM
34,0.7159681343,spearman_ADM_FEDM
34,0.7005413841,spearman_ADM_FEDM
34,0.7202868189,spearman_ADM_FEDM
36,0.6756209707,spearman_ADM_FEDM
36,0.7044573272,spearman_ADM_FEDM
36,0.6896077101,spearman_ADM_FEDM
36,0.7035893137,spearman_ADM_FEDM
36,0.7209926012,spearman_ADM_FEDM
36,0.761405142,spearman_ADM_FEDM
36,0.7152153237,spearman_ADM_FEDM
36,0.6913792916,spearman_ADM_FEDM
36,0.7257081285,spearman_ADM_FEDM
36,0.7413096071,spearman_ADM_FEDM
36,0.7403250916,spearman_ADM_FEDM
36,0.7677694354,spearman_ADM_FEDM
36,0.7523337623,spearman_ADM_FEDM
36,0.7447240161,spearman_ADM_FEDM
36,0.77513581,spearman_ADM_FEDM
38,0.7456380093,spearman_ADM_FEDM
38,0.7195278003,spearman_ADM_FEDM
38,0.744210527,spearman_ADM_FEDM
38,0.7358499659,spearman_ADM_FEDM
38,0.758679059,spearman_ADM_FEDM
38,0.7366263657,spearman_ADM_FEDM
38,0.7002811266,spearman_ADM_FEDM
38,0.7514123373,spearman_ADM_FEDM
38,0.7257806968,spearman_ADM_FEDM
38,0.7287409701,spearman_ADM_FEDM
38,0.7353584251,spearman_ADM_FEDM
38,0.7213790033,spearman_ADM_FEDM
38,0.7171534654,spearman_ADM_FEDM
38,0.7358004326,spearman_ADM_FEDM
38,0.7524297118,spearman_ADM_FEDM
40,0.7332100703,spearman_ADM_FEDM
40,0.729414521,spearman_ADM_FEDM
40,0.7561763032,spearman_ADM_FEDM
40,0.7414128319,spearman_ADM_FEDM
40,0.724818498,spearman_ADM_FEDM
40,0.7560271952,spearman_ADM_FEDM
40,0.6955585982,spearman_ADM_FEDM
40,0.7646636189,spearman_ADM_FEDM
40,0.6865476315,spearman_ADM_FEDM
40,0.7418696752,spearman_ADM_FEDM
40,0.6924985543,spearman_ADM_FEDM
40,0.7075852158,spearman_ADM_FEDM
40,0.7379726125,spearman_ADM_FEDM
40,0.7707519559,spearman_ADM_FEDM
40,0.6941938336,spearman_ADM_FEDM
42,0.7254469746,spearman_ADM_FEDM
42,0.7660870225,spearman_ADM_FEDM
42,0.7347215159,spearman_ADM_FEDM
42,0.7340520322,spearman_ADM_FEDM
42,0.7325589661,spearman_ADM_FEDM
42,0.7605614232,spearman_ADM_FEDM
42,0.7363807015,spearman_ADM_FEDM
42,0.7467874012,spearman_ADM_FEDM
42,0.7453114736,spearman_ADM_FEDM
42,0.714666612,spearman_ADM_FEDM
42,0.7498423887,spearman_ADM_FEDM
42,0.7372173775,spearman_ADM_FEDM
42,0.7649548504,spearman_ADM_FEDM
42,0.7343323243,spearman_ADM_FEDM
42,0.7527710957,spearman_ADM_FEDM
44,0.7512568368,spearman_ADM_FEDM
44,0.7087839267,spearman_ADM_FEDM
44,0.7202784346,spearman_ADM_FEDM
44,0.7728624559,spearman_ADM_FEDM
44,0.7566591727,spearman_ADM_FEDM
44,0.7223071028,spearman_ADM_FEDM
44,0.7499694644,spearman_ADM_FEDM
44,0.7607191452,spearman_ADM_FEDM
44,0.7387853958,spearman_ADM_FEDM
44,0.7309090957,spearman_ADM_FEDM
44,0.7671810531,spearman_ADM_FEDM
44,0.7331596127,spearman_ADM_FEDM
44,0.7654687212,spearman_ADM_FEDM
44,0.7411124741,spearman_ADM_FEDM
44,0.6741708466,spearman_ADM_FEDM
46,0.7257850586,spearman_ADM_FEDM
46,0.7350633358,spearman_ADM_FEDM
46,0.7246520429,spearman_ADM_FEDM
46,0.7251172629,spearman_ADM_FEDM
46,0.7150403045,spearman_ADM_FEDM
46,0.7291029758,spearman_ADM_FEDM
46,0.6827326303,spearman_ADM_FEDM
46,0.7247586412,spearman_ADM_FEDM
46,0.7383220249,spearman_ADM_FEDM
46,0.7118332498,spearman_ADM_FEDM
46,0.7198119213,spearman_ADM_FEDM
46,0.7082218062,spearman_ADM_FEDM
46,0.7454028288,spearman_ADM_FEDM
46,0.7393594826,spearman_ADM_FEDM
46,0.6988814089,spearman_ADM_FEDM
48,0.7275039528,spearman_ADM_FEDM
48,0.7457650857,spearman_ADM_FEDM
48,0.7356232887,spearman_ADM_FEDM
48,0.695156921,spearman_ADM_FEDM
48,0.7374705738,spearman_ADM_FEDM
48,0.762322136,spearman_ADM_FEDM
48,0.7079904663,spearman_ADM_FEDM
48,0.7421547565,spearman_ADM_FEDM
48,0.7619046051,spearman_ADM_FEDM
48,0.751477676,spearman_ADM_FEDM
48,0.7249669477,spearman_ADM_FEDM
48,0.720365684,spearman_ADM_FEDM
48,0.7198569107,spearman_ADM_FEDM
48,0.736236686,spearman_ADM_FEDM
48,0.7208930616,spearman_ADM_FEDM
50,0.7827390596,spearman_ADM_FEDM
50,0.7194889583,spearman_ADM_FEDM
50,0.7193075236,spearman_ADM_FEDM
50,0.7533018409,spearman_ADM_FEDM
50,0.6724012624,spearman_ADM_FEDM
50,0.7578373874,spearman_ADM_FEDM
50,0.7428095394,spearman_ADM_FEDM
50,0.75334319,spearman_ADM_FEDM
50,0.7444211206,spearman_ADM_FEDM
50,0.7367621216,spearman_ADM_FEDM
50,0.734116723,spearman_ADM_FEDM
50,0.7417185824,spearman_ADM_FEDM
50,0.7455386272,spearman_ADM_FEDM
50,0.7359837432,spearman_ADM_FEDM
50,0.7604192839,spearman_ADM_FEDM
52,0.7813198426,spearman_ADM_FEDM
52,0.7357065544,spearman_ADM_FEDM
52,0.6957537881,spearman_ADM_FEDM
52,0.7354178816,spearman_ADM_FEDM
52,0.7412940771,spearman_ADM_FEDM
52,0.7551145217,spearman_ADM_FEDM
52,0.7483300261,spearman_ADM_FEDM
52,0.7486678803,spearman_ADM_FEDM
52,0.7430763913,spearman_ADM_FEDM
52,0.751738979,spearman_ADM_FEDM
52,0.73814766,spearman_ADM_FEDM
52,0.7504530194,spearman_ADM_FEDM
52,0.7350674838,spearman_ADM_FEDM
52,0.7611663637,spearman_ADM_FEDM
52,0.7438469777,spearman_ADM_FEDM
54,0.7337709744,spearman_ADM_FEDM
54,0.7684380547,spearman_ADM_FEDM
54,0.7479207005,spearman_ADM_FEDM
54,0.7292956877,spearman_ADM_FEDM
54,0.7437386195,spearman_ADM_FEDM
54,0.7418836666,spearman_ADM_FEDM
54,0.7474167674,spearman_ADM_FEDM
54,0.6641615687,spearman_ADM_FEDM
54,0.7292576321,spearman_ADM_FEDM
54,0.7276931927,spearman_ADM_FEDM
54,0.7523835389,spearman_ADM_FEDM
54,0.7564599226,spearman_ADM_FEDM
54,0.7396184928,spearman_ADM_FEDM
54,0.7508947352,spearman_ADM_FEDM
54,0.738808256,spearman_ADM_FEDM
56,0.7258368628,spearman_ADM_FEDM
56,0.7566704298,spearman_ADM_FEDM
56,0.7413342974,spearman_ADM_FEDM
56,0.7236516541,spearman_ADM_FEDM
56,0.732526304,spearman_ADM_FEDM
56,0.7378207708,spearman_ADM_FEDM
56,0.7648576255,spearman_ADM_FEDM
56,0.7634682752,spearman_ADM_FEDM
56,0.722083323,spearman_ADM_FEDM
56,0.7470833517,spearman_ADM_FEDM
56,0.744533379,spearman_ADM_FEDM
56,0.7290446799,spearman_ADM_FEDM
56,0.7702290213,spearman_ADM_FEDM
56,0.7378713545,spearman_ADM_FEDM
56,0.7705017633,spearman_ADM_FEDM
58,0.7500965697,spearman_ADM_FEDM
58,0.7604926987,spearman_ADM_FEDM
58,0.7472353643,spearman_ADM_FEDM
58,0.7467317541,spearman_ADM_FEDM
58,0.7456891838,spearman_ADM_FEDM
58,0.7247215043,spearman_ADM_FEDM
58,0.7527334045,spearman_ADM_FEDM
58,0.7337670887,spearman_ADM_FEDM
58,0.7416056876,spearman_ADM_FEDM
58,0.7648165534,spearman_ADM_FEDM
58,0.7592177909,spearman_ADM_FEDM
58,0.7294686836,spearman_ADM_FEDM
58,0.7668803636,spearman_ADM_FEDM
58,0.7618570797,spearman_ADM_FEDM
58,0.7730046887,spearman_ADM_FEDM
4,0.5647695566,spearman_ADM_FEDM
4,0.6393118929,spearman_ADM_FEDM
4,0.5980370933,spearman_ADM_FEDM
4,0.610837647,spearman_ADM_FEDM
4,0.5463692499,spearman_ADM_FEDM
4,0.6111540195,spearman_ADM_FEDM
4,0.5987925272,spearman_ADM_FEDM
4,0.5408581103,spearman_ADM_FEDM
4,0.5845383314,spearman_ADM_FEDM
4,0.5526740284,spearman_ADM_FEDM
4,0.6508081472,spearman_ADM_FEDM
4,0.643794984,spearman_ADM_FEDM
4,0.6532669248,spearman_ADM_FEDM
4,0.6793217786,spearman_ADM_FEDM
4,0.6090434984,spearman_ADM_FEDM
60,0.7200051617,spearman_ADM_FEDM
60,0.7140502471,spearman_ADM_FEDM
60,0.7435767058,spearman_ADM_FEDM
60,0.7760816316,spearman_ADM_FEDM
60,0.737554463,spearman_ADM_FEDM
60,0.7288522553,spearman_ADM_FEDM
60,0.7561086709,spearman_ADM_FEDM
60,0.7613714231,spearman_ADM_FEDM
60,0.7592468895,spearman_ADM_FEDM
60,0.7470263821,spearman_ADM_FEDM
60,0.7660835128,spearman_ADM_FEDM
60,0.7475820839,spearman_ADM_FEDM
60,0.7492801601,spearman_ADM_FEDM
60,0.7424603983,spearman_ADM_FEDM
60,0.7239899767,spearman_ADM_FEDM
62,0.7757089079,spearman_ADM_FEDM
62,0.7203437268,spearman_ADM_FEDM
62,0.7267937224,spearman_ADM_FEDM
62,0.7221071508,spearman_ADM_FEDM
62,0.7523861644,spearman_ADM_FEDM
62,0.7608405326,spearman_ADM_FEDM
62,0.7443885669,spearman_ADM_FEDM
62,0.7277007704,spearman_ADM_FEDM
62,0.7326227716,spearman_ADM_FEDM
62,0.7303479649,spearman_ADM_FEDM
62,0.7597367521,spearman_ADM_FEDM
62,0.7136756979,spearman_ADM_FEDM
62,0.7111246214,spearman_ADM_FEDM
62,0.728619317,spearman_ADM_FEDM
62,0.699124539,spearman_ADM_FEDM
64,0.7823644035,spearman_ADM_FEDM
64,0.7709697573,spearman_ADM_FEDM
64,0.7343891398,spearman_ADM_FEDM
64,0.7784918298,spearman_ADM_FEDM
64,0.7367463609,spearman_ADM_FEDM
64,0.7625976873,spearman_ADM_FEDM
64,0.7502063488,spearman_ADM_FEDM
64,0.7685968071,spearman_ADM_FEDM
64,0.7506408538,spearman_ADM_FEDM
64,0.7220652891,spearman_ADM_FEDM
64,0.7675028204,spearman_ADM_FEDM
64,0.7498106626,spearman_ADM_FEDM
64,0.7668850043,spearman_ADM_FEDM
64,0.7578335431,spearman_ADM_FEDM
64,0.7229469535,spearman_ADM_FEDM
66,0.7311571603,spearman_ADM_FEDM
66,0.7473730012,spearman_ADM_FEDM
66,0.7559970818,spearman_ADM_FEDM
66,0.7697818511,spearman_ADM_FEDM
66,0.726126255,spearman_ADM_FEDM
66,0.7460099911,spearman_ADM_FEDM
66,0.7625837512,spearman_ADM_FEDM
66,0.6996245484,spearman_ADM_FEDM
66,0.7358352183,spearman_ADM_FEDM
66,0.7652602849,spearman_ADM_FEDM
66,0.7213127519,spearman_ADM_FEDM
66,0.7346124586,spearman_ADM_FEDM
66,0.7484109444,spearman_ADM_FEDM
66,0.7651109512,spearman_ADM_FEDM
66,0.7139091823,spearman_ADM_FEDM
68,0.7376341566,spearman_ADM_FEDM
68,0.7472127415,spearman_ADM_FEDM
68,0.7338127876,spearman_ADM_FEDM
68,0.7403291079,spearman_ADM_FEDM
68,0.7262466579,spearman_ADM_FEDM
68,0.7451091714,spearman_ADM_FEDM
68,0.7366423014,spearman_ADM_FEDM
68,0.7446074069,spearman_ADM_FEDM
68,0.7342395116,spearman_ADM_FEDM
68,0.7477299059,spearman_ADM_FEDM
68,0.741489574,spearman_ADM_FEDM
68,0.7889768679,spearman_ADM_FEDM
68,0.754737833,spearman_ADM_FEDM
68,0.7585721419,spearman_ADM_FEDM
68,0.7492417422,spearman_ADM_FEDM
70,0.7351047359,spearman_ADM_FEDM
70,0.7521613431,spearman_ADM_FEDM
70,0.7466163887,spearman_ADM_FEDM
70,0.7145159684,spearman_ADM_FEDM
70,0.7647801059,spearman_ADM_FEDM
70,0.7326326861,spearman_ADM_FEDM
70,0.7802300993,spearman_ADM_FEDM
70,0.7403557656,spearman_ADM_FEDM
70,0.7471462366,spearman_ADM_FEDM
70,0.7099876339,spearman_ADM_FEDM
70,0.7409196211,spearman_ADM_FEDM
70,0.7580229188,spearman_ADM_FEDM
70,0.7258742122,spearman_ADM_FEDM
70,0.730725164,spearman_ADM_FEDM
70,0.7403841559,spearman_ADM_FEDM
72,0.7387829152,spearman_ADM_FEDM
72,0.7241115286,spearman_ADM_FEDM
72,0.7788416096,spearman_ADM_FEDM
72,0.7641070601,spearman_ADM_FEDM
72,0.774804734,spearman_ADM_FEDM
72,0.7432006478,spearman_ADM_FEDM
72,0.7427827471,spearman_ADM_FEDM
72,0.7365719913,spearman_ADM_FEDM
72,0.7194268863,spearman_ADM_FEDM
72,0.7406326697,spearman_ADM_FEDM
72,0.7682154313,spearman_ADM_FEDM
72,0.7329781736,spearman_ADM_FEDM
72,0.7542515087,spearman_ADM_FEDM
72,0.7424578814,spearman_ADM_FEDM
72,0.7566825505,spearman_ADM_FEDM
74,0.7374291334,spearman_ADM_FEDM
74,0.7209339614,spearman_ADM_FEDM
74,0.7578868384,spearman_ADM_FEDM
74,0.7404397732,spearman_ADM_FEDM
74,0.7643032321,spearman_ADM_FEDM
74,0.7304677836,spearman_ADM_FEDM
74,0.7608736476,spearman_ADM_FEDM
74,0.7390316515,spearman_ADM_FEDM
74,0.7308830184,spearman_ADM_FEDM
74,0.7252464565,spearman_ADM_FEDM
74,0.7511946233,spearman_ADM_FEDM
74,0.7483984738,spearman_ADM_FEDM
74,0.7474360298,spearman_ADM_FEDM
74,0.7258105464,spearman_ADM_FEDM
74,0.7321243507,spearman_ADM_FEDM
76,0.775949356,spearman_ADM_FEDM
76,0.7736930571,spearman_ADM_FEDM
76,0.7720239179,spearman_ADM_FEDM
76,0.6990065758,spearman_ADM_FEDM
76,0.7316259704,spearman_ADM_FEDM
76,0.749216798,spearman_ADM_FEDM
76,0.7357192115,spearman_ADM_FEDM
76,0.7380157522,spearman_ADM_FEDM
76,0.7656480487,spearman_ADM_FEDM
76,0.7545056314,spearman_ADM_FEDM
76,0.7440193867,spearman_ADM_FEDM
76,0.7586488403,spearman_ADM_FEDM
76,0.7347051282,spearman_ADM_FEDM
76,0.7662919267,spearman_ADM_FEDM
76,0.7498207974,spearman_ADM_FEDM
78,0.7678436196,spearman_ADM_FEDM
78,0.7418378084,spearman_ADM_FEDM
78,0.7574981315,spearman_ADM_FEDM
78,0.7527639067,spearman_ADM_FEDM
78,0.7531782402,spearman_ADM_FEDM
78,0.7479708128,spearman_ADM_FEDM
78,0.7569201507,spearman_ADM_FEDM
78,0.748206009,spearman_ADM_FEDM
78,0.7559389157,spearman_ADM_FEDM
78,0.7510173121,spearman_ADM_FEDM
78,0.7519559446,spearman_ADM_FEDM
78,0.7543009173,spearman_ADM_FEDM
78,0.7416032623,spearman_ADM_FEDM
78,0.7736406932,spearman_ADM_FEDM
78,0.7621700227,spearman_ADM_FEDM
6,0.6403361769,spearman_ADM_FEDM
6,0.7036170667,spearman_ADM_FEDM
6,0.7088037409,spearman_ADM_FEDM
6,0.6314354221,spearman_ADM_FEDM
6,0.6140314607,spearman_ADM_FEDM
6,0.6767268268,spearman_ADM_FEDM
6,0.6504986407,spearman_ADM_FEDM
6,0.5659612571,spearman_ADM_FEDM
6,0.7086824474,spearman_ADM_FEDM
6,0.5699213473,spearman_ADM_FEDM
6,0.6740632111,spearman_ADM_FEDM
6,0.6317058848,spearman_ADM_FEDM
6,0.6408689403,spearman_ADM_FEDM
6,0.7080030131,spearman_ADM_FEDM
6,0.6471641279,spearman_ADM_FEDM
80,0.7317240963,spearman_ADM_FEDM
80,0.7349028245,spearman_ADM_FEDM
80,0.7711948579,spearman_ADM_FEDM
80,0.7266570133,spearman_ADM_FEDM
80,0.7389643196,spearman_ADM_FEDM
80,0.7564969533,spearman_ADM_FEDM
80,0.7452722621,spearman_ADM_FEDM
80,0.7476588164,spearman_ADM_FEDM
80,0.7320742267,spearman_ADM_FEDM
80,0.729168357,spearman_ADM_FEDM
80,0.7405113105,spearman_ADM_FEDM
80,0.7509372079,spearman_ADM_FEDM
80,0.7711860397,spearman_ADM_FEDM
80,0.7602883381,spearman_ADM_FEDM
80,0.7760740568,spearman_ADM_FEDM
82,0.7640054707,spearman_ADM_FEDM
82,0.7677248841,spearman_ADM_FEDM
82,0.7396589517,spearman_ADM_FEDM
82,0.7159370995,spearman_ADM_FEDM
82,0.7582648839,spearman_ADM_FEDM
82,0.7561166882,spearman_ADM_FEDM
82,0.7553901347,spearman_ADM_FEDM
82,0.7457136297,spearman_ADM_FEDM
82,0.7728070048,spearman_ADM_FEDM
82,0.7284069208,spearman_ADM_FEDM
82,0.7501603845,spearman_ADM_FEDM
82,0.71246983,spearman_ADM_FEDM
82,0.7157007173,spearman_ADM_FEDM
82,0.7756280172,spearman_ADM_FEDM
82,0.7414090724,spearman_ADM_FEDM
84,0.7549555184,spearman_ADM_FEDM
84,0.7631815984,spearman_ADM_FEDM
84,0.7351912761,spearman_ADM_FEDM
84,0.7556782938,spearman_ADM_FEDM
84,0.739651284,spearman_ADM_FEDM
84,0.7455508585,spearman_ADM_FEDM
84,0.7424958121,spearman_ADM_FEDM
84,0.7274138092,spearman_ADM_FEDM
84,0.7311128369,spearman_ADM_FEDM
84,0.7374307508,spearman_ADM_FEDM
84,0.7508737794,spearman_ADM_FEDM
84,0.7730039114,spearman_ADM_FEDM
84,0.7361918305,spearman_ADM_FEDM
84,0.7543858986,spearman_ADM_FEDM
84,0.7549468853,spearman_ADM_FEDM
86,0.7423500474,spearman_ADM_FEDM
86,0.7659365168,spearman_ADM_FEDM
86,0.7601480802,spearman_ADM_FEDM
86,0.7349056847,spearman_ADM_FEDM
86,0.7514623369,spearman_ADM_FEDM
86,0.7663191857,spearman_ADM_FEDM
86,0.7112756635,spearman_ADM_FEDM
86,0.7440518512,spearman_ADM_FEDM
86,0.7143985558,spearman_ADM_FEDM
86,0.7204529433,spearman_ADM_FEDM
86,0.7722581123,spearman_ADM_FEDM
86,0.772553741,spearman_ADM_FEDM
86,0.7406023652,spearman_ADM_FEDM
86,0.7513394713,spearman_ADM_FEDM
86,0.7356877249,spearman_ADM_FEDM
88,0.7536876222,spearman_ADM_FEDM
88,0.755817058,spearman_ADM_FEDM
88,0.7454269137,spearman_ADM_FEDM
88,0.7439925091,spearman_ADM_FEDM
88,0.7170077078,spearman_ADM_FEDM
88,0.753698102,spearman_ADM_FEDM
88,0.7539249121,spearman_ADM_FEDM
88,0.7517278615,spearman_ADM_FEDM
88,0.7588986927,spearman_ADM_FEDM
88,0.7677596197,spearman_ADM_FEDM
88,0.7536859794,spearman_ADM_FEDM
88,0.7574522907,spearman_ADM_FEDM
88,0.7507598627,spearman_ADM_FEDM
88,0.7834576115,spearman_ADM_FEDM
88,0.7488450262,spearman_ADM_FEDM
90,0.7520059498,spearman_ADM_FEDM
90,0.7432950782,spearman_ADM_FEDM
90,0.7547802658,spearman_ADM_FEDM
90,0.7463977774,spearman_ADM_FEDM
90,0.758079585,spearman_ADM_FEDM
90,0.7266427235,spearman_ADM_FEDM
90,0.7596919752,spearman_ADM_FEDM
90,0.7590690026,spearman_ADM_FEDM
90,0.7268287633,spearman_ADM_FEDM
90,0.7705627645,spearman_ADM_FEDM
90,0.773562009,spearman_ADM_FEDM
90,0.7383963997,spearman_ADM_FEDM
90,0.7500164892,spearman_ADM_FEDM
90,0.7387686018,spearman_ADM_FEDM
90,0.7594166654,spearman_ADM_FEDM
92,0.781183416,spearman_ADM_FEDM
92,0.7579279668,spearman_ADM_FEDM
92,0.7562369186,spearman_ADM_FEDM
92,0.7550162807,spearman_ADM_FEDM
92,0.7221662229,spearman_ADM_FEDM
92,0.770524157,spearman_ADM_FEDM
92,0.7602511178,spearman_ADM_FEDM
92,0.7498609815,spearman_ADM_FEDM
92,0.7271287213,spearman_ADM_FEDM
92,0.7532976671,spearman_ADM_FEDM
92,0.738605368,spearman_ADM_FEDM
92,0.7546234889,spearman_ADM_FEDM
92,0.7377597018,spearman_ADM_FEDM
92,0.7586361478,spearman_ADM_FEDM
92,0.7334204227,spearman_ADM_FEDM
94,0.7715802337,spearman_ADM_FEDM
94,0.7363873411,spearman_ADM_FEDM
94,0.7436854146,spearman_ADM_FEDM
94,0.7696368255,spearman_ADM_FEDM
94,0.7636528917,spearman_ADM_FEDM
94,0.7529943105,spearman_ADM_FEDM
94,0.7499539169,spearman_ADM_FEDM
94,0.7783875927,spearman_ADM_FEDM
94,0.7567736496,spearman_ADM_FEDM
94,0.7706168797,spearman_ADM_FEDM
94,0.7604706997,spearman_ADM_FEDM
94,0.7526128643,spearman_ADM_FEDM
94,0.763911493,spearman_ADM_FEDM
94,0.7532588365,spearman_ADM_FEDM
94,0.7152388533,spearman_ADM_FEDM
96,0.7489880937,spearman_ADM_FEDM
96,0.7452845556,spearman_ADM_FEDM
96,0.7563141347,spearman_ADM_FEDM
96,0.7345136459,spearman_ADM_FEDM
96,0.7465107883,spearman_ADM_FEDM
96,0.7391873193,spearman_ADM_FEDM
96,0.7307396836,spearman_ADM_FEDM
96,0.7752730675,spearman_ADM_FEDM
96,0.7697116296,spearman_ADM_FEDM
96,0.7597059375,spearman_ADM_FEDM
96,0.7213173355,spearman_ADM_FEDM
96,0.7537258951,spearman_ADM_FEDM
96,0.7792008622,spearman_ADM_FEDM
96,0.7442696399,spearman_ADM_FEDM
96,0.7731885904,spearman_ADM_FEDM
98,0.7520176109,spearman_ADM_FEDM
98,0.7291476477,spearman_ADM_FEDM
98,0.7623911376,spearman_ADM_FEDM
98,0.7451602883,spearman_ADM_FEDM
98,0.738058942,spearman_ADM_FEDM
98,0.7727858844,spearman_ADM_FEDM
98,0.7614115393,spearman_ADM_FEDM
98,0.7423002333,spearman_ADM_FEDM
98,0.7222467062,spearman_ADM_FEDM
98,0.7538220452,spearman_ADM_FEDM
98,0.7498707118,spearman_ADM_FEDM
98,0.7425930376,spearman_ADM_FEDM
98,0.7674615295,spearman_ADM_FEDM
98,0.7738900882,spearman_ADM_FEDM
98,0.7563233881,spearman_ADM_FEDM
8,0.6601015919,spearman_ADM_FEDM
8,0.6038019758,spearman_ADM_FEDM
8,0.6632287754,spearman_ADM_FEDM
8,0.619815951,spearman_ADM_FEDM
8,0.6606960813,spearman_ADM_FEDM
8,0.7035032611,spearman_ADM_FEDM
8,0.7453452092,spearman_ADM_FEDM
8,0.648245019,spearman_ADM_FEDM
8,0.6801063098,spearman_ADM_FEDM
8,0.7010578073,spearman_ADM_FEDM
8,0.6699665733,spearman_ADM_FEDM
8,0.6665517389,spearman_ADM_FEDM
8,0.692406895,spearman_ADM_FEDM
8,0.6566820927,spearman_ADM_FEDM
8,0.6760315281,spearman_ADM_FEDM
100,0.7779750048,spearman_ADM_FEDM
100,0.760997923,spearman_ADM_FEDM
100,0.7508080109,spearman_ADM_FEDM
100,0.738223044,spearman_ADM_FEDM
100,0.7523609509,spearman_ADM_FEDM
100,0.7556610985,spearman_ADM_FEDM
100,0.7383168885,spearman_ADM_FEDM
100,0.7269099145,spearman_ADM_FEDM
100,0.7692930898,spearman_ADM_FEDM
100,0.7537122543,spearman_ADM_FEDM
100,0.7415907418,spearman_ADM_FEDM
100,0.7724240063,spearman_ADM_FEDM
100,0.7428713764,spearman_ADM_FEDM
100,0.7603557853,spearman_ADM_FEDM
100,0.7331712641,spearman_ADM_FEDM
10,0.7330304551,spearman_ADM_FEDM
10,0.6636609139,spearman_ADM_FEDM
10,0.6966281211,spearman_ADM_FEDM
10,0.6416391868,spearman_ADM_FEDM
10,0.6038171859,spearman_ADM_FEDM
10,0.7072170079,spearman_ADM_FEDM
10,0.7077947863,spearman_ADM_FEDM
10,0.6268896118,spearman_ADM_FEDM
10,0.7056767376,spearman_ADM_FEDM
10,0.690782649,spearman_ADM_FEDM
10,0.6582712453,spearman_ADM_FEDM
10,0.6641508207,spearman_ADM_FEDM
10,0.6174609288,spearman_ADM_FEDM
10,0.7059103748,spearman_ADM_FEDM
10,0.664182062,spearman_ADM_FEDM
12,0.65940904,spearman_ADM_FEDM
12,0.6703943022,spearman_ADM_FEDM
12,0.6521352916,spearman_ADM_FEDM
12,0.6366921832,spearman_ADM_FEDM
12,0.7352033019,spearman_ADM_FEDM
12,0.7490124176,spearman_ADM_FEDM
12,0.7290626577,spearman_ADM_FEDM
12,0.7609406843,spearman_ADM_FEDM
12,0.6878729989,spearman_ADM_FEDM
12,0.6743174692,spearman_ADM_FEDM
12,0.670131449,spearman_ADM_FEDM
12,0.6484615919,spearman_ADM_FEDM
12,0.696673369,spearman_ADM_FEDM
12,0.7033531304,spearman_ADM_FEDM
12,0.7312708956,spearman_ADM_FEDM
14,0.7483294982,spearman_ADM_FEDM
14,0.644006208,spearman_ADM_FEDM
14,0.7088237367,spearman_ADM_FEDM
14,0.6656077226,spearman_ADM_FEDM
14,0.6626446375,spearman_ADM_FEDM
14,0.7072865472,spearman_ADM_FEDM
14,0.6010156995,spearman_ADM_FEDM
14,0.708395783,spearman_ADM_FEDM
14,0.7420897164,spearman_ADM_FEDM
14,0.6715772791,spearman_ADM_FEDM
14,0.708729686,spearman_ADM_FEDM
14,0.6086860643,spearman_ADM_FEDM
14,0.6392057138,spearman_ADM_FEDM
14,0.6946569521,spearman_ADM_FEDM
14,0.6820951797,spearman_ADM_FEDM
16,0.7155495231,spearman_ADM_FEDM
16,0.6765155523,spearman_ADM_FEDM
16,0.656215704,spearman_ADM_FEDM
16,0.7026463677,spearman_ADM_FEDM
16,0.74236453,spearman_ADM_FEDM
16,0.6978522357,spearman_ADM_FEDM
16,0.6814616489,spearman_ADM_FEDM
16,0.6941560196,spearman_ADM_FEDM
16,0.6906931206,spearman_ADM_FEDM
16,0.7482411712,spearman_ADM_FEDM
16,0.6115928796,spearman_ADM_FEDM
16,0.7093793924,spearman_ADM_FEDM
16,0.7135923288,spearman_ADM_FEDM
16,0.7046049441,spearman_ADM_FEDM
16,0.7210727739,spearman_ADM_FEDM
18,0.7069608592,spearman_ADM_FEDM
18,0.6980827273,spearman_ADM_FEDM
18,0.7436137392,spearman_ADM_FEDM
18,0.6838005602,spearman_ADM_FEDM
18,0.7082345524,spearman_ADM_FEDM
18,0.7309174155,spearman_ADM_FEDM
18,0.6766382499,spearman_ADM_FEDM
18,0.7172542162,spearman_ADM_FEDM
18,0.7196283147,spearman_ADM_FEDM
18,0.7326462187,spearman_ADM_FEDM
18,0.6542042901,spearman_ADM_FEDM
18,0.6879250211,spearman_ADM_FEDM
18,0.7242348047,spearman_ADM_FEDM
18,0.7119732522,spearman_ADM_FEDM
18,0.6774205736,spearman_ADM_FEDM